1538052371.045031,5.657838,-0.001139
1538052371.045031,5.657838,-0.001139
1538052371.045031,5.657838,-0.001139
1538052371.459743,5.657838,-0.001139
1538052371.459743,5.657838,-0.001139
1538052371.459743,5.657838,-0.001139
1538052371.459743,5.657838,-0.001139
1538052371.459743,5.657838,-0.001139
1538052371.459743,5.657838,-0.001139
1538052371.459743,5.657838,-0.001139
1538052371.459743,5.657838,-0.001139
1538052371.459743,5.657838,-0.001139
1538052371.459743,5.657838,-0.001139
1538052371.459743,5.657838,-0.001139
1538052371.459743,5.657838,-0.001139
1538052371.459743,5.657838,-0.001139
1538052371.459743,5.657838,-0.001139
1538052371.459743,5.657838,-0.001139
1538052371.459743,5.657838,-0.001139
1538052371.459743,5.657838,-0.001139
1538052373.992751,5.657838,-0.001139
1538052373.992751,5.657838,-0.001139
1538052373.992751,5.657838,-0.001139
1538052373.992751,5.657838,-0.001139
1538052374.440421,5.657838,-0.001139
1538052374.440421,5.657838,-0.001139
1538052374.440421,5.657838,-0.001139
1538052374.440421,5.657838,-0.001139
1538052374.440421,5.657838,-0.001139
1538052374.440421,5.657838,-0.001139
1538052374.440421,5.657838,-0.001139
1538052374.440421,5.657838,-0.001139
1538052374.440421,5.657838,-0.001139
1538052374.440421,5.657838,-0.001139
1538052374.440421,5.657838,-0.001139
1538052374.440421,5.657838,-0.001139
1538052374.440421,5.657838,-0.001139
1538052374.440421,5.657838,-0.001139
1538052375.891407,5.657838,-0.001139
1538052375.891407,5.657838,-0.001139
1538052375.891407,5.657838,-0.001139
1538052375.891407,5.657838,-0.001139
1538052375.891407,5.657838,-0.001139
1538052376.330122,5.657838,-0.001139
1538052376.330122,5.657838,-0.001139
1538052376.330122,5.657838,-0.001139
1538052376.330122,5.657838,-0.001139
1538052376.330122,5.657838,-0.001139
1538052376.330122,5.657838,-0.001139
1538052376.330122,5.657838,-0.001139
1538052376.330122,5.657838,-0.001139
1538052376.330122,5.657838,-0.001139
1538052376.330122,5.657838,-0.001139
1538052376.330122,5.657838,-0.001139
1538052376.330122,5.657838,-0.001139
1538052376.330122,5.657838,-0.001139
1538052377.782067,5.657838,-0.001139
1538052377.782067,5.657838,-0.001139
1538052377.782067,5.657838,-0.001139
1538052377.782067,5.657838,-0.001139
1538052377.782067,5.657838,-0.001139
1538052378.221384,5.657838,-0.001139
1538052378.221384,5.657838,-0.001139
1538052378.221384,5.657838,-0.001139
1538052378.221384,5.657838,-0.001139
1538052378.221384,5.657838,-0.001139
1538052378.221384,5.657838,-0.001139
1538052378.221384,5.657838,-0.001139
1538052378.221384,5.657838,-0.001139
1538052378.221384,5.657838,-0.001139
1538052378.221384,5.657838,-0.001139
1538052378.221384,5.657838,-0.001139
1538052378.221384,5.657838,-0.001139
1538052378.221384,5.657838,-0.001139
1538052378.221384,5.657838,-0.001139
1538052378.221384,5.657838,-0.001139
1538052378.221384,5.657838,-0.001139
1538052378.221384,5.657838,-0.001139
1538052378.221384,5.657838,-0.001139
1538052380.356161,5.657853,-0.001124
1538052380.356161,5.657853,-0.001124
1538052380.356161,5.657853,-0.001124
1538052380.356161,5.657853,-0.001124
1538052380.767384,5.657853,-0.001124
1538052380.767384,5.657853,-0.001124
1538052380.767384,5.657853,-0.001124
1538052380.767384,5.657853,-0.001124
1538052380.767384,5.657853,-0.001124
1538052380.767384,5.657853,-0.001124
1538052380.767384,5.657853,-0.001124
1538052380.767384,5.657853,-0.001124
1538052380.767384,5.657853,-0.001124
1538052380.767384,5.657853,-0.001124
1538052380.767384,5.657853,-0.001124
1538052380.767384,5.657853,-0.001124
1538052380.767384,5.657853,-0.001124
1538052382.631701,5.657853,-0.001124
1538052382.631701,5.657853,-0.001124
1538052382.631701,5.657853,-0.001124
1538052382.631701,5.657853,-0.001124
1538052382.631701,5.657853,-0.001124
1538052382.631701,5.657853,-0.001124
1538052382.631701,5.657853,-0.001124
1538052382.631701,5.657853,-0.001124
1538052382.631701,5.657853,-0.001124
1538052382.631701,5.657853,-0.001124
1538052382.631701,5.657853,-0.001124
1538052382.631701,5.657853,-0.001124
1538052382.631701,5.657853,-0.001124
1538052384.524059,5.657972,-0.001004
1538052384.524059,5.657972,-0.001004
1538052384.524059,5.657972,-0.001004
1538052384.524059,5.657972,-0.001004
1538052384.524059,5.657972,-0.001004
1538052384.524059,5.657972,-0.001004
1538052384.524059,5.657972,-0.001004
1538052384.524059,5.657972,-0.001004
1538052384.524059,5.657972,-0.001004
1538052384.524059,5.657972,-0.001004
1538052384.524059,5.657972,-0.001004
1538052384.524059,5.657972,-0.001004
1538052384.524059,5.657972,-0.001004
1538052384.524059,5.657972,-0.001004
1538052384.524059,5.657972,-0.001004
1538052385.974422,5.657972,-0.001004
1538052385.974422,5.657972,-0.001004
1538052385.974422,5.657972,-0.001004
1538052385.974422,5.657972,-0.001004
1538052385.974422,5.657972,-0.001004
1538052387.820637,5.657887,-0.001090
1538052387.820637,5.657887,-0.001090
1538052387.820637,5.657887,-0.001090
1538052387.820637,5.657887,-0.001090
1538052387.820637,5.657887,-0.001090
1538052387.820637,5.657887,-0.001090
1538052388.273732,5.657854,-0.001123
1538052388.273732,5.657854,-0.001123
1538052388.273732,5.657854,-0.001123
1538052388.273732,5.657854,-0.001123
1538052388.273732,5.657854,-0.001123
1538052388.273732,5.657854,-0.001123
1538052388.273732,5.657854,-0.001123
1538052388.273732,5.657854,-0.001123
1538052388.273732,5.657854,-0.001123
1538052388.273732,5.657854,-0.001123
1538052388.273732,5.657854,-0.001123
1538052388.273732,5.657854,-0.001123
1538052388.273732,5.657854,-0.001123
1538052388.273732,5.657854,-0.001123
1538052389.707210,5.657854,-0.001123
1538052389.707210,5.657854,-0.001123
1538052389.707210,5.657854,-0.001123
1538052389.707210,5.657854,-0.001123
1538052390.157492,5.657854,-0.001123
1538052390.157492,5.657854,-0.001123
1538052390.157492,5.657854,-0.001123
1538052390.157492,5.657854,-0.001123
1538052390.157492,5.657854,-0.001123
1538052390.157492,5.657854,-0.001123
1538052390.157492,5.657854,-0.001123
1538052390.157492,5.657854,-0.001123
1538052390.157492,5.657854,-0.001123
1538052390.157492,5.657854,-0.001123
1538052390.157492,5.657854,-0.001123
1538052390.157492,5.657854,-0.001123
1538052390.157492,5.657854,-0.001123
1538052390.157492,5.657854,-0.001123
1538052390.157492,5.657854,-0.001123
1538052392.027944,5.657827,-0.001149
1538052392.027944,5.657827,-0.001149
1538052392.027944,5.657827,-0.001149
1538052392.027944,5.657827,-0.001149
1538052392.027944,5.657827,-0.001149
1538052392.027944,5.657827,-0.001149
1538052392.027944,5.657827,-0.001149
1538052392.027944,5.657827,-0.001149
1538052392.027944,5.657827,-0.001149
1538052392.027944,5.657827,-0.001149
1538052392.027944,5.657827,-0.001149
1538052392.027944,5.657827,-0.001149
1538052392.027944,5.657827,-0.001149
1538052392.027944,5.657827,-0.001149
1538052392.027944,5.657827,-0.001149
1538052392.027944,5.657827,-0.001149
1538052392.027944,5.657827,-0.001149
1538052392.027944,5.657827,-0.001149
1538052392.027944,5.657827,-0.001149
1538052393.843739,5.657827,-0.001149
1538052393.843739,5.657827,-0.001149
1538052393.843739,5.657827,-0.001149
1538052393.843739,5.657827,-0.001149
1538052393.843739,5.657827,-0.001149
1538052393.843739,5.657827,-0.001149
1538052394.283601,5.657827,-0.001149
1538052394.283601,5.657827,-0.001149
1538052394.283601,5.657827,-0.001149
1538052394.283601,5.657827,-0.001149
