1538057057.229540,5.656602,-0.002799
1538057057.229540,5.656602,-0.002799
1538057057.229540,5.656602,-0.002799
1538057057.229540,5.656602,-0.002799
1538057057.229540,5.656602,-0.002799
1538057058.804138,5.656602,-0.002799
1538057058.804138,5.656602,-0.002799
1538057058.804138,5.656602,-0.002799
1538057058.804138,5.656602,-0.002799
1538057058.804138,5.656602,-0.002799
1538057059.334201,5.656602,-0.002799
1538057059.334201,5.656602,-0.002799
1538057059.334201,5.656602,-0.002799
1538057059.334201,5.656602,-0.002799
1538057059.334201,5.656602,-0.002799
1538057059.334201,5.656602,-0.002799
1538057059.334201,5.656602,-0.002799
1538057059.334201,5.656602,-0.002799
1538057059.334201,5.656602,-0.002799
1538057059.334201,5.656602,-0.002799
1538057059.334201,5.656602,-0.002799
1538057059.334201,5.656602,-0.002799
1538057059.334201,5.656602,-0.002799
1538057059.334201,5.656602,-0.002799
1538057059.334201,5.656602,-0.002799
1538057061.673203,5.656602,-0.002799
1538057061.673203,5.656602,-0.002799
1538057061.673203,5.656602,-0.002799
1538057061.673203,5.656602,-0.002799
1538057062.222924,5.656602,-0.002799
1538057062.222924,5.656602,-0.002799
1538057062.222924,5.656602,-0.002799
1538057062.222924,5.656602,-0.002799
1538057062.222924,5.656602,-0.002799
1538057062.222924,5.656602,-0.002799
1538057062.222924,5.656602,-0.002799
1538057062.222924,5.656602,-0.002799
1538057062.222924,5.656602,-0.002799
1538057062.222924,5.656602,-0.002799
1538057062.222924,5.656602,-0.002799
1538057062.222924,5.656602,-0.002799
1538057062.222924,5.656602,-0.002799
1538057062.222924,5.656602,-0.002799
1538057063.674771,5.656602,-0.002799
1538057063.674771,5.656602,-0.002799
1538057063.674771,5.656602,-0.002799
1538057063.674771,5.656602,-0.002799
1538057064.124147,5.656602,-0.002799
1538057064.124147,5.656602,-0.002799
1538057064.124147,5.656602,-0.002799
1538057064.124147,5.656602,-0.002799
1538057064.124147,5.656602,-0.002799
1538057064.124147,5.656602,-0.002799
1538057064.124147,5.656602,-0.002799
