1538052230.460290,5.658593,-0.000210
1538052232.242482,5.658584,-0.000218
1538052232.242482,5.658584,-0.000218
1538052232.242482,5.658584,-0.000218
1538052232.684566,5.658603,-0.000199
1538052232.684566,5.658603,-0.000199
1538052232.684566,5.658603,-0.000199
1538052234.554439,5.658603,-0.000199
1538052234.554439,5.658603,-0.000199
1538052234.554439,5.658603,-0.000199
1538052237.760081,5.658603,-0.000199
1538052237.760081,5.658603,-0.000199
1538052237.760081,5.658603,-0.000199
1538052239.587102,5.658576,-0.000227
1538052239.587102,5.658576,-0.000227
1538052240.027022,5.658576,-0.000227
1538052240.027022,5.658576,-0.000227
1538052240.027022,5.658576,-0.000227
1538052240.027022,5.658576,-0.000227
1538052240.027022,5.658576,-0.000227
1538052240.027022,5.658576,-0.000227
1538052240.027022,5.658576,-0.000227
1538052240.027022,5.658576,-0.000227
1538052241.480492,5.658594,-0.000209
1538052241.903109,5.658593,-0.000209
1538052241.903109,5.658593,-0.000209
1538052241.903109,5.658593,-0.000209
1538052241.903109,5.658593,-0.000209
1538052241.903109,5.658593,-0.000209
1538052243.379269,5.658593,-0.000209
1538052243.818213,5.658593,-0.000209
