1538051776.963365,5.658762,-0.000096
1538051776.963365,5.658762,-0.000096
1538051776.963365,5.658762,-0.000096
1538051778.924960,5.658762,-0.000096
1538051778.924960,5.658762,-0.000096
1538051778.924960,5.658762,-0.000096
1538051778.924960,5.658762,-0.000096
1538051778.924960,5.658762,-0.000096
1538051779.417121,5.658762,-0.000096
1538051779.417121,5.658762,-0.000096
1538051779.417121,5.658762,-0.000096
1538051779.417121,5.658762,-0.000096
1538051779.417121,5.658762,-0.000096
1538051779.417121,5.658762,-0.000096
1538051779.417121,5.658762,-0.000096
1538051779.417121,5.658762,-0.000096
1538051779.417121,5.658762,-0.000096
1538051779.417121,5.658762,-0.000096
1538051779.417121,5.658762,-0.000096
1538051779.417121,5.658762,-0.000096
1538051780.973613,5.658762,-0.000096
1538051780.973613,5.658762,-0.000096
1538051780.973613,5.658762,-0.000096
1538051780.973613,5.658762,-0.000096
1538051781.470891,5.658762,-0.000096
1538051781.470891,5.658762,-0.000096
1538051781.470891,5.658762,-0.000096
1538051781.470891,5.658762,-0.000096
1538051781.470891,5.658762,-0.000096
1538051781.470891,5.658762,-0.000096
1538051841.076768,5.658660,-0.000198
1538051841.076768,5.658660,-0.000198
1538051841.076768,5.658660,-0.000198
1538051841.076768,5.658660,-0.000198
1538051841.076768,5.658660,-0.000198
1538051841.076768,5.658660,-0.000198
1538051841.076768,5.658660,-0.000198
1538051841.076768,5.658660,-0.000198
1538051841.076768,5.658660,-0.000198
1538051842.515728,5.658668,-0.000190
1538051842.515728,5.658668,-0.000190
1538051842.515728,5.658668,-0.000190
1538051842.515728,5.658668,-0.000190
1538051842.515728,5.658668,-0.000190
1538051844.298635,5.658668,-0.000190
1538051844.298635,5.658668,-0.000190
1538051844.298635,5.658668,-0.000190
1538051844.680717,5.658668,-0.000190
1538051844.680717,5.658668,-0.000190
1538051844.680717,5.658668,-0.000190
1538051844.680717,5.658668,-0.000190
1538051844.680717,5.658668,-0.000190
1538051844.680717,5.658668,-0.000190
1538051844.680717,5.658668,-0.000190
1538051844.680717,5.658668,-0.000190
1538051844.680717,5.658668,-0.000190
1538051844.680717,5.658668,-0.000190
1538051844.680717,5.658668,-0.000190
1538051844.680717,5.658668,-0.000190
1538051844.680717,5.658668,-0.000190
1538051844.680717,5.658668,-0.000190
1538051844.680717,5.658668,-0.000190
1538051844.680717,5.658668,-0.000190
1538051846.079464,5.658668,-0.000190
1538051846.079464,5.658668,-0.000190
1538051846.079464,5.658668,-0.000190
1538051846.079464,5.658668,-0.000190
1538051846.490656,5.658668,-0.000190
1538051846.490656,5.658668,-0.000190
1538051846.490656,5.658668,-0.000190
1538051846.490656,5.658668,-0.000190
1538051846.490656,5.658668,-0.000190
1538051846.490656,5.658668,-0.000190
1538051846.490656,5.658668,-0.000190
1538051846.490656,5.658668,-0.000190
1538051846.490656,5.658668,-0.000190
1538051846.490656,5.658668,-0.000190
1538051846.490656,5.658668,-0.000190
1538051846.490656,5.658668,-0.000190
1538051846.490656,5.658668,-0.000190
1538051846.490656,5.658668,-0.000190
1538051846.490656,5.658668,-0.000190
1538051846.490656,5.658668,-0.000190
1538051846.490656,5.658668,-0.000190
1538051847.915238,5.658612,-0.000246
1538051847.915238,5.658612,-0.000246
1538051847.915238,5.658612,-0.000246
1538051847.915238,5.658612,-0.000246
1538051848.330570,5.658612,-0.000246
1538051848.330570,5.658612,-0.000246
1538051848.330570,5.658612,-0.000246
1538051848.330570,5.658612,-0.000246
1538051848.330570,5.658612,-0.000246
1538051848.330570,5.658612,-0.000246
1538051848.330570,5.658612,-0.000246
1538051848.330570,5.658612,-0.000246
1538051848.330570,5.658612,-0.000246
1538051848.330570,5.658612,-0.000246
1538051848.330570,5.658612,-0.000246
1538051848.330570,5.658612,-0.000246
1538051848.330570,5.658612,-0.000246
1538051848.330570,5.658612,-0.000246
1538051848.330570,5.658612,-0.000246
1538051849.739878,5.658645,-0.000212
1538051849.739878,5.658645,-0.000212
1538051849.739878,5.658645,-0.000212
1538051849.739878,5.658645,-0.000212
1538051849.739878,5.658645,-0.000212
1538051851.514263,5.658668,-0.000190
1538051851.514263,5.658668,-0.000190
1538051851.514263,5.658668,-0.000190
1538051851.514263,5.658668,-0.000190
1538051851.514263,5.658668,-0.000190
1538051851.912501,5.658668,-0.000190
1538051851.912501,5.658668,-0.000190
1538051851.912501,5.658668,-0.000190
1538051851.912501,5.658668,-0.000190
1538051851.912501,5.658668,-0.000190
1538051851.912501,5.658668,-0.000190
1538051851.912501,5.658668,-0.000190
1538051851.912501,5.658668,-0.000190
1538051851.912501,5.658668,-0.000190
1538051851.912501,5.658668,-0.000190
1538051851.912501,5.658668,-0.000190
1538051851.912501,5.658668,-0.000190
1538051851.912501,5.658668,-0.000190
1538051851.912501,5.658668,-0.000190
1538051851.912501,5.658668,-0.000190
1538051853.312422,5.658671,-0.000187
1538051853.312422,5.658671,-0.000187
1538051853.312422,5.658671,-0.000187
1538051853.695654,5.658671,-0.000187
1538051853.695654,5.658671,-0.000187
1538051853.695654,5.658671,-0.000187
1538051853.695654,5.658671,-0.000187
1538051853.695654,5.658671,-0.000187
1538051853.695654,5.658671,-0.000187
1538051853.695654,5.658671,-0.000187
1538051853.695654,5.658671,-0.000187
1538051853.695654,5.658671,-0.000187
1538051853.695654,5.658671,-0.000187
1538051853.695654,5.658671,-0.000187
1538051853.695654,5.658671,-0.000187
1538051853.695654,5.658671,-0.000187
1538051853.695654,5.658671,-0.000187
1538051853.695654,5.658671,-0.000187
1538051855.085230,5.658671,-0.000187
1538051855.085230,5.658671,-0.000187
1538051855.085230,5.658671,-0.000187
1538051855.085230,5.658671,-0.000187
1538051855.499678,5.658671,-0.000187
1538051855.499678,5.658671,-0.000187
1538051855.499678,5.658671,-0.000187
1538051855.499678,5.658671,-0.000187
1538051855.499678,5.658671,-0.000187
1538051855.499678,5.658671,-0.000187
1538051855.499678,5.658671,-0.000187
1538051855.499678,5.658671,-0.000187
1538051855.499678,5.658671,-0.000187
1538051855.499678,5.658671,-0.000187
1538051855.499678,5.658671,-0.000187
1538051855.499678,5.658671,-0.000187
1538051855.499678,5.658671,-0.000187
1538051855.499678,5.658671,-0.000187
1538051855.499678,5.658671,-0.000187
1538051856.921300,5.658694,-0.000164
1538051856.921300,5.658694,-0.000164
1538051856.921300,5.658694,-0.000164
1538051856.921300,5.658694,-0.000164
1538051857.332195,5.658694,-0.000164
1538051857.332195,5.658694,-0.000164
1538051857.332195,5.658694,-0.000164
1538051857.332195,5.658694,-0.000164
1538051857.332195,5.658694,-0.000164
1538051857.332195,5.658694,-0.000164
1538051857.332195,5.658694,-0.000164
1538051857.332195,5.658694,-0.000164
1538051857.332195,5.658694,-0.000164
1538051857.332195,5.658694,-0.000164
1538051857.332195,5.658694,-0.000164
1538051857.332195,5.658694,-0.000164
1538051857.332195,5.658694,-0.000164
1538051857.332195,5.658694,-0.000164
1538051857.332195,5.658694,-0.000164
1538051857.332195,5.658694,-0.000164
1538051857.332195,5.658694,-0.000164
1538051857.332195,5.658694,-0.000164
1538051857.332195,5.658694,-0.000164
1538051857.332195,5.658694,-0.000164
1538051857.332195,5.658694,-0.000164
1538051857.332195,5.658694,-0.000164
1538051979.908590,5.658599,-0.000204
1538051979.908590,5.658599,-0.000204
1538051979.908590,5.658599,-0.000204
1538051981.634353,5.658635,-0.000168
1538051981.634353,5.658635,-0.000168
1538051981.634353,5.658635,-0.000168
1538051981.634353,5.658635,-0.000168
1538051982.023773,5.658635,-0.000168
1538051982.023773,5.658635,-0.000168
1538051982.023773,5.658635,-0.000168
1538051982.023773,5.658635,-0.000168
1538051982.023773,5.658635,-0.000168
1538051982.023773,5.658635,-0.000168
1538051982.023773,5.658635,-0.000168
1538051982.023773,5.658635,-0.000168
1538051982.023773,5.658635,-0.000168
1538051982.023773,5.658635,-0.000168
1538051982.023773,5.658635,-0.000168
1538051982.023773,5.658635,-0.000168
1538051982.023773,5.658635,-0.000168
1538051982.023773,5.658635,-0.000168
1538051983.397228,5.658635,-0.000168
1538051983.397228,5.658635,-0.000168
1538051983.397228,5.658635,-0.000168
1538051983.397228,5.658635,-0.000168
1538051983.397228,5.658635,-0.000168
1538051983.397228,5.658635,-0.000168
1538051983.789027,5.658635,-0.000168
1538051983.789027,5.658635,-0.000168
1538051983.789027,5.658635,-0.000168
1538051983.789027,5.658635,-0.000168
1538051983.789027,5.658635,-0.000168
1538051983.789027,5.658635,-0.000168
1538051983.789027,5.658635,-0.000168
1538051983.789027,5.658635,-0.000168
1538051983.789027,5.658635,-0.000168
1538051983.789027,5.658635,-0.000168
1538051983.789027,5.658635,-0.000168
1538051985.170366,5.658635,-0.000168
1538051985.170366,5.658635,-0.000168
1538051985.170366,5.658635,-0.000168
1538051985.170366,5.658635,-0.000168
1538051985.550965,5.658635,-0.000168
1538051985.550965,5.658635,-0.000168
1538051985.550965,5.658635,-0.000168
1538051985.550965,5.658635,-0.000168
1538051985.550965,5.658635,-0.000168
1538051985.550965,5.658635,-0.000168
1538051985.550965,5.658635,-0.000168
1538051985.550965,5.658635,-0.000168
1538051985.550965,5.658635,-0.000168
1538051985.550965,5.658635,-0.000168
1538051985.550965,5.658635,-0.000168
1538051985.550965,5.658635,-0.000168
1538051985.550965,5.658635,-0.000168
1538051985.550965,5.658635,-0.000168
1538051985.550965,5.658635,-0.000168
