1538052255.802787,5.658510,-0.000293
1538052255.802787,5.658510,-0.000293
1538052255.802787,5.658510,-0.000293
1538052255.802787,5.658510,-0.000293
1538052256.222076,5.658510,-0.000293
1538052256.222076,5.658510,-0.000293
1538052256.222076,5.658510,-0.000293
1538052256.222076,5.658510,-0.000293
1538052256.222076,5.658510,-0.000293
1538052256.222076,5.658510,-0.000293
1538052256.222076,5.658510,-0.000293
1538052256.222076,5.658510,-0.000293
1538052256.222076,5.658510,-0.000293
1538052256.222076,5.658510,-0.000293
1538052256.222076,5.658510,-0.000293
1538052256.222076,5.658510,-0.000293
1538052256.222076,5.658510,-0.000293
1538052256.222076,5.658510,-0.000293
1538052256.222076,5.658510,-0.000293
1538052256.222076,5.658510,-0.000293
1538052256.222076,5.658510,-0.000293
1538052256.222076,5.658510,-0.000293
1538052256.222076,5.658510,-0.000293
1538052258.434354,5.658554,-0.000248
1538052258.434354,5.658554,-0.000248
1538052258.434354,5.658554,-0.000248
1538052258.434354,5.658554,-0.000248
1538052258.434354,5.658554,-0.000248
1538052258.902595,5.658554,-0.000248
1538052258.902595,5.658554,-0.000248
1538052258.902595,5.658554,-0.000248
1538052258.902595,5.658554,-0.000248
1538052258.902595,5.658554,-0.000248
1538052258.902595,5.658554,-0.000248
1538052258.902595,5.658554,-0.000248
1538052258.902595,5.658554,-0.000248
1538052258.902595,5.658554,-0.000248
1538052258.902595,5.658554,-0.000248
1538052258.902595,5.658554,-0.000248
1538052258.902595,5.658554,-0.000248
1538052258.902595,5.658554,-0.000248
1538052258.902595,5.658554,-0.000248
1538052258.902595,5.658554,-0.000248
1538052258.902595,5.658554,-0.000248
1538052258.902595,5.658554,-0.000248
1538052260.528016,5.658558,-0.000245
1538052260.528016,5.658558,-0.000245
1538052260.528016,5.658558,-0.000245
1538052260.528016,5.658558,-0.000245
1538052260.528016,5.658558,-0.000245
1538052260.965479,5.658558,-0.000245
1538052260.965479,5.658558,-0.000245
1538052260.965479,5.658558,-0.000245
1538052260.965479,5.658558,-0.000245
1538052260.965479,5.658558,-0.000245
1538052260.965479,5.658558,-0.000245
1538052260.965479,5.658558,-0.000245
