1538049673.106282,8.732828,-0.006496
1538049673.106282,8.732828,-0.006496
1538049673.106282,8.732828,-0.006496
1538049673.535647,8.732526,-0.006798
1538049673.535647,8.732526,-0.006798
1538049673.535647,8.732526,-0.006798
1538049673.535647,8.732526,-0.006798
1538049673.535647,8.732526,-0.006798
1538049673.535647,8.732526,-0.006798
1538049673.535647,8.732526,-0.006798
1538049673.535647,8.732526,-0.006798
1538049673.535647,8.732526,-0.006798
1538049673.535647,8.732526,-0.006798
1538049675.003946,8.732842,-0.006482
1538049675.003946,8.732842,-0.006482
1538049675.003946,8.732842,-0.006482
1538049675.003946,8.732842,-0.006482
1538049675.463851,8.732842,-0.006482
1538049675.463851,8.732842,-0.006482
