1538052701.985130,5.656602,-0.002799
1538052701.985130,5.656602,-0.002799
1538052701.985130,5.656602,-0.002799
1538052701.985130,5.656602,-0.002799
1538052704.298419,5.656602,-0.002799
1538052704.298419,5.656602,-0.002799
1538052704.298419,5.656602,-0.002799
1538052704.298419,5.656602,-0.002799
1538052706.233895,5.656602,-0.002799
1538052706.233895,5.656602,-0.002799
1538052706.233895,5.656602,-0.002799
1538052706.233895,5.656602,-0.002799
1538052706.233895,5.656602,-0.002799
1538052706.624480,5.656602,-0.002799
1538052706.624480,5.656602,-0.002799
1538052706.624480,5.656602,-0.002799
1538052706.624480,5.656602,-0.002799
1538052706.624480,5.656602,-0.002799
1538052706.624480,5.656602,-0.002799
1538052706.624480,5.656602,-0.002799
1538052706.624480,5.656602,-0.002799
1538052709.062152,5.656602,-0.002799
1538052709.062152,5.656602,-0.002799
1538052709.062152,5.656602,-0.002799
1538052709.062152,5.656602,-0.002799
1538052709.062152,5.656602,-0.002799
1538052709.062152,5.656602,-0.002799
1538052709.062152,5.656602,-0.002799
1538052709.062152,5.656602,-0.002799
1538052709.062152,5.656602,-0.002799
1538052709.062152,5.656602,-0.002799
1538052709.062152,5.656602,-0.002799
1538052709.062152,5.656602,-0.002799
1538052709.062152,5.656602,-0.002799
1538052709.062152,5.656602,-0.002799
1538052709.062152,5.656602,-0.002799
1538052709.062152,5.656602,-0.002799
1538052709.062152,5.656602,-0.002799
1538052709.062152,5.656602,-0.002799
1538052709.062152,5.656602,-0.002799
1538052709.062152,5.656602,-0.002799
1538052715.391674,5.656602,-0.002799
1538052715.391674,5.656602,-0.002799
1538052715.391674,5.656602,-0.002799
1538052715.391674,5.656602,-0.002799
1538052715.391674,5.656602,-0.002799
1538052715.391674,5.656602,-0.002799
1538052715.391674,5.656602,-0.002799
1538052715.391674,5.656602,-0.002799
1538052715.391674,5.656602,-0.002799
1538052715.391674,5.656602,-0.002799
1538052715.391674,5.656602,-0.002799
1538052715.391674,5.656602,-0.002799
1538052715.391674,5.656602,-0.002799
1538052715.391674,5.656602,-0.002799
1538052715.391674,5.656602,-0.002799
1538052715.391674,5.656602,-0.002799
1538052724.346018,5.656602,-0.002799
1538052724.346018,5.656602,-0.002799
1538052724.346018,5.656602,-0.002799
1538052724.346018,5.656602,-0.002799
1538052726.153189,5.656602,-0.002799
1538052726.153189,5.656602,-0.002799
1538052726.153189,5.656602,-0.002799
1538052726.153189,5.656602,-0.002799
1538052726.153189,5.656602,-0.002799
1538052726.153189,5.656602,-0.002799
1538052726.153189,5.656602,-0.002799
1538052726.153189,5.656602,-0.002799
1538052727.279644,5.656602,-0.002799
1538052727.279644,5.656602,-0.002799
1538052727.279644,5.656602,-0.002799
1538052727.279644,5.656602,-0.002799
1538052735.882284,5.656602,-0.002799
1538052735.882284,5.656602,-0.002799
1538052735.882284,5.656602,-0.002799
1538052735.882284,5.656602,-0.002799
1538052737.653179,5.656602,-0.002799
1538052737.653179,5.656602,-0.002799
1538052737.653179,5.656602,-0.002799
1538052737.653179,5.656602,-0.002799
1538052737.653179,5.656602,-0.002799
1538052737.653179,5.656602,-0.002799
1538052737.653179,5.656602,-0.002799
1538052737.653179,5.656602,-0.002799
1538052737.653179,5.656602,-0.002799
1538052737.653179,5.656602,-0.002799
1538052740.271989,5.656602,-0.002799
1538052740.271989,5.656602,-0.002799
1538052740.271989,5.656602,-0.002799
1538052740.271989,5.656602,-0.002799
1538052740.651883,5.656602,-0.002799
1538052740.651883,5.656602,-0.002799
1538052740.651883,5.656602,-0.002799
1538052740.651883,5.656602,-0.002799
1538052740.651883,5.656602,-0.002799
1538052740.651883,5.656602,-0.002799
1538052740.651883,5.656602,-0.002799
1538052740.651883,5.656602,-0.002799
1538052740.651883,5.656602,-0.002799
1538052740.651883,5.656602,-0.002799
1538052740.651883,5.656602,-0.002799
1538052740.651883,5.656602,-0.002799
1538052740.651883,5.656602,-0.002799
1538052740.651883,5.656602,-0.002799
1538052742.043473,5.656602,-0.002799
1538052742.043473,5.656602,-0.002799
1538052742.043473,5.656602,-0.002799
1538052742.043473,5.656602,-0.002799
1538052742.043473,5.656602,-0.002799
1538052742.449614,5.656602,-0.002799
1538052742.449614,5.656602,-0.002799
1538052742.449614,5.656602,-0.002799
1538052742.449614,5.656602,-0.002799
1538052742.449614,5.656602,-0.002799
1538052742.449614,5.656602,-0.002799
1538052742.449614,5.656602,-0.002799
1538052742.449614,5.656602,-0.002799
1538052742.449614,5.656602,-0.002799
1538052742.449614,5.656602,-0.002799
1538052742.449614,5.656602,-0.002799
1538052744.295534,5.656602,-0.002799
1538052744.295534,5.656602,-0.002799
1538052744.295534,5.656602,-0.002799
1538052744.295534,5.656602,-0.002799
1538052744.295534,5.656602,-0.002799
1538052744.295534,5.656602,-0.002799
1538052744.295534,5.656602,-0.002799
1538052744.295534,5.656602,-0.002799
1538052744.295534,5.656602,-0.002799
1538052744.295534,5.656602,-0.002799
1538052744.295534,5.656602,-0.002799
1538052744.295534,5.656602,-0.002799
1538052744.295534,5.656602,-0.002799
1538052744.295534,5.656602,-0.002799
1538052744.295534,5.656602,-0.002799
1538052744.295534,5.656602,-0.002799
1538052744.295534,5.656602,-0.002799
1538052744.295534,5.656602,-0.002799
1538052744.295534,5.656602,-0.002799
1538052744.295534,5.656602,-0.002799
1538052747.029475,5.656602,-0.002799
1538052747.029475,5.656602,-0.002799
1538052747.029475,5.656602,-0.002799
1538052747.029475,5.656602,-0.002799
1538052747.029475,5.656602,-0.002799
1538052747.029475,5.656602,-0.002799
1538052747.029475,5.656602,-0.002799
1538052747.029475,5.656602,-0.002799
1538052747.029475,5.656602,-0.002799
1538052747.029475,5.656602,-0.002799
1538052748.187031,5.656602,-0.002799
1538052748.187031,5.656602,-0.002799
1538052748.187031,5.656602,-0.002799
1538052748.187031,5.656602,-0.002799
1538052748.187031,5.656602,-0.002799
1538052748.187031,5.656602,-0.002799
1538052748.187031,5.656602,-0.002799
1538052748.187031,5.656602,-0.002799
1538052748.187031,5.656602,-0.002799
1538052748.187031,5.656602,-0.002799
1538052748.187031,5.656602,-0.002799
1538052748.187031,5.656602,-0.002799
1538052748.187031,5.656602,-0.002799
1538052748.187031,5.656602,-0.002799
1538052748.187031,5.656602,-0.002799
1538052748.187031,5.656602,-0.002799
1538052748.187031,5.656602,-0.002799
1538052748.187031,5.656602,-0.002799
1538052748.187031,5.656602,-0.002799
1538052748.187031,5.656602,-0.002799
1538052750.147719,5.656602,-0.002799
1538052750.147719,5.656602,-0.002799
1538052750.147719,5.656602,-0.002799
1538052750.147719,5.656602,-0.002799
1538052750.147719,5.656602,-0.002799
1538052750.147719,5.656602,-0.002799
1538052750.147719,5.656602,-0.002799
1538052750.147719,5.656602,-0.002799
1538052750.147719,5.656602,-0.002799
1538052750.147719,5.656602,-0.002799
1538052750.147719,5.656602,-0.002799
1538052750.147719,5.656602,-0.002799
1538052750.147719,5.656602,-0.002799
1538052751.699207,5.656602,-0.002799
1538052751.699207,5.656602,-0.002799
1538052751.699207,5.656602,-0.002799
1538052751.699207,5.656602,-0.002799
1538052751.699207,5.656602,-0.002799
1538052751.699207,5.656602,-0.002799
1538052751.699207,5.656602,-0.002799
1538052751.699207,5.656602,-0.002799
1538052751.699207,5.656602,-0.002799
1538052751.699207,5.656602,-0.002799
1538052751.699207,5.656602,-0.002799
1538052751.699207,5.656602,-0.002799
1538052751.699207,5.656602,-0.002799
1538052751.699207,5.656602,-0.002799
1538052751.699207,5.656602,-0.002799
1538052751.699207,5.656602,-0.002799
1538052751.699207,5.656602,-0.002799
1538052770.090832,5.656602,-0.002799
1538052770.090832,5.656602,-0.002799
1538052770.090832,5.656602,-0.002799
1538052770.090832,5.656602,-0.002799
1538052770.090832,5.656602,-0.002799
1538052770.090832,5.656602,-0.002799
1538052770.090832,5.656602,-0.002799
1538052770.090832,5.656602,-0.002799
1538052770.090832,5.656602,-0.002799
1538052770.090832,5.656602,-0.002799
1538052773.299544,5.656602,-0.002799
1538052773.299544,5.656602,-0.002799
1538052773.299544,5.656602,-0.002799
1538052776.890580,5.656602,-0.002799
1538052776.890580,5.656602,-0.002799
1538052776.890580,5.656602,-0.002799
1538052776.890580,5.656602,-0.002799
1538052776.890580,5.656602,-0.002799
1538052779.330551,5.656602,-0.002799
1538052779.330551,5.656602,-0.002799
1538052779.330551,5.656602,-0.002799
1538052779.330551,5.656602,-0.002799
1538052781.130140,5.656602,-0.002799
1538052781.130140,5.656602,-0.002799
1538052781.130140,5.656602,-0.002799
1538052781.130140,5.656602,-0.002799
1538052781.130140,5.656602,-0.002799
1538052781.553663,5.656602,-0.002799
1538052781.553663,5.656602,-0.002799
1538052781.553663,5.656602,-0.002799
1538052781.553663,5.656602,-0.002799
1538052781.553663,5.656602,-0.002799
1538052781.553663,5.656602,-0.002799
1538052781.553663,5.656602,-0.002799
1538052781.553663,5.656602,-0.002799
1538052781.553663,5.656602,-0.002799
1538052781.553663,5.656602,-0.002799
1538052781.553663,5.656602,-0.002799
1538052781.553663,5.656602,-0.002799
1538052781.553663,5.656602,-0.002799
1538052781.553663,5.656602,-0.002799
1538052781.553663,5.656602,-0.002799
1538052781.553663,5.656602,-0.002799
1538052781.553663,5.656602,-0.002799
1538052783.475340,5.656602,-0.002799
1538052783.475340,5.656602,-0.002799
1538052783.475340,5.656602,-0.002799
1538052783.475340,5.656602,-0.002799
1538052783.475340,5.656602,-0.002799
1538052783.876839,5.656602,-0.002799
1538052783.876839,5.656602,-0.002799
1538052783.876839,5.656602,-0.002799
1538052783.876839,5.656602,-0.002799
1538052783.876839,5.656602,-0.002799
1538052783.876839,5.656602,-0.002799
1538052783.876839,5.656602,-0.002799
1538052783.876839,5.656602,-0.002799
1538052783.876839,5.656602,-0.002799
1538052783.876839,5.656602,-0.002799
1538052783.876839,5.656602,-0.002799
1538052783.876839,5.656602,-0.002799
1538052783.876839,5.656602,-0.002799
1538052783.876839,5.656602,-0.002799
1538052783.876839,5.656602,-0.002799
1538052783.876839,5.656602,-0.002799
1538052783.876839,5.656602,-0.002799
1538052783.876839,5.656602,-0.002799
1538052845.899961,5.656602,-0.002799
1538052845.899961,5.656602,-0.002799
1538052845.899961,5.656602,-0.002799
1538052845.899961,5.656602,-0.002799
1538052845.899961,5.656602,-0.002799
1538052845.899961,5.656602,-0.002799
1538052845.899961,5.656602,-0.002799
1538052845.899961,5.656602,-0.002799
1538052845.899961,5.656602,-0.002799
1538052845.899961,5.656602,-0.002799
1538052845.899961,5.656602,-0.002799
1538052845.899961,5.656602,-0.002799
1538052845.899961,5.656602,-0.002799
1538052845.899961,5.656602,-0.002799
1538052845.899961,5.656602,-0.002799
