1538052363.187274,5.657962,-0.001015
1538052365.014474,5.657854,-0.001122
1538052365.014474,5.657854,-0.001122
1538052365.014474,5.657854,-0.001122
1538052366.400924,5.657854,-0.001122
1538052366.400924,5.657854,-0.001122
1538052366.764383,5.657854,-0.001122
1538052366.764383,5.657854,-0.001122
1538052366.764383,5.657854,-0.001122
1538052366.764383,5.657854,-0.001122
1538052366.764383,5.657854,-0.001122
1538052366.764383,5.657854,-0.001122
1538052366.764383,5.657854,-0.001122
1538052366.764383,5.657854,-0.001122
1538052366.764383,5.657854,-0.001122
1538052366.764383,5.657854,-0.001122
1538052366.764383,5.657854,-0.001122
