1538050528.022321,5.658464,0.000000
1538050528.022321,5.658464,0.000000
1538050528.022321,5.658464,0.000000
1538050528.022321,5.658464,0.000000
1538050528.022321,5.658464,0.000000
1538050528.022321,5.658464,0.000000
1538050528.022321,5.658464,0.000000
1538050528.022321,5.658464,0.000000
1538050530.069148,5.658450,0.000000
1538050530.069148,5.658450,0.000000
1538050530.069148,5.658450,0.000000
1538050530.069148,5.658450,0.000000
1538050530.509670,5.658450,0.000000
1538050530.509670,5.658450,0.000000
1538050530.509670,5.658450,0.000000
1538050530.509670,5.658450,0.000000
1538050530.509670,5.658450,0.000000
1538050530.509670,5.658450,0.000000
1538050530.509670,5.658450,0.000000
1538050530.509670,5.658450,0.000000
1538050530.509670,5.658450,0.000000
1538050530.509670,5.658450,0.000000
1538050530.509670,5.658450,0.000000
1538050530.509670,5.658450,0.000000
1538050530.509670,5.658450,0.000000
1538050531.923723,5.658417,-0.000033
1538050531.923723,5.658417,-0.000033
1538050531.923723,5.658417,-0.000033
1538050531.923723,5.658417,-0.000033
1538050531.923723,5.658417,-0.000033
1538050532.573890,5.658417,-0.000033
1538050532.573890,5.658417,-0.000033
1538050532.573890,5.658417,-0.000033
1538050532.573890,5.658417,-0.000033
1538050532.573890,5.658417,-0.000033
1538050532.573890,5.658417,-0.000033
1538050532.573890,5.658417,-0.000033
1538050532.573890,5.658417,-0.000033
1538050532.573890,5.658417,-0.000033
1538050532.573890,5.658417,-0.000033
1538050532.573890,5.658417,-0.000033
1538050532.573890,5.658417,-0.000033
1538050532.573890,5.658417,-0.000033
1538050532.573890,5.658417,-0.000033
1538050532.573890,5.658417,-0.000033
1538050534.038524,5.658426,-0.000024
1538050534.038524,5.658426,-0.000024
1538050534.038524,5.658426,-0.000024
1538050534.038524,5.658426,-0.000024
1538050534.477016,5.658426,-0.000024
1538050534.477016,5.658426,-0.000024
1538050534.477016,5.658426,-0.000024
1538050534.477016,5.658426,-0.000024
1538050534.477016,5.658426,-0.000024
1538050534.477016,5.658426,-0.000024
1538050534.477016,5.658426,-0.000024
1538050534.477016,5.658426,-0.000024
1538050534.477016,5.658426,-0.000024
1538050534.477016,5.658426,-0.000024
1538050534.477016,5.658426,-0.000024
1538050534.477016,5.658426,-0.000024
1538050535.974690,5.658426,-0.000024
1538050535.974690,5.658426,-0.000024
1538050535.974690,5.658426,-0.000024
1538050535.974690,5.658426,-0.000024
1538050535.974690,5.658426,-0.000024
1538050536.441417,5.658426,-0.000024
1538050536.441417,5.658426,-0.000024
1538050536.441417,5.658426,-0.000024
1538050536.441417,5.658426,-0.000024
1538050536.441417,5.658426,-0.000024
1538050536.441417,5.658426,-0.000024
1538050536.441417,5.658426,-0.000024
1538050536.441417,5.658426,-0.000024
1538050536.441417,5.658426,-0.000024
1538050536.441417,5.658426,-0.000024
1538050536.441417,5.658426,-0.000024
1538050536.441417,5.658426,-0.000024
1538050536.441417,5.658426,-0.000024
1538050536.441417,5.658426,-0.000024
1538050536.441417,5.658426,-0.000024
1538050536.441417,5.658426,-0.000024
1538050536.441417,5.658426,-0.000024
1538050538.535250,5.658438,-0.000012
1538050538.535250,5.658438,-0.000012
1538050538.535250,5.658438,-0.000012
1538050538.535250,5.658438,-0.000012
1538050540.472718,5.658427,-0.000023
1538050540.472718,5.658427,-0.000023
1538050540.472718,5.658427,-0.000023
1538050540.472718,5.658427,-0.000023
1538050540.964887,5.658427,-0.000023
1538050540.964887,5.658427,-0.000023
1538050540.964887,5.658427,-0.000023
1538050540.964887,5.658427,-0.000023
1538050540.964887,5.658427,-0.000023
1538050542.420349,5.658426,-0.000024
1538050542.420349,5.658426,-0.000024
1538050542.858120,5.658426,-0.000024
1538050542.858120,5.658426,-0.000024
1538050542.858120,5.658426,-0.000024
1538050542.858120,5.658426,-0.000024
1538050542.858120,5.658426,-0.000024
1538050542.858120,5.658426,-0.000024
1538050542.858120,5.658426,-0.000024
1538050542.858120,5.658426,-0.000024
1538050542.858120,5.658426,-0.000024
1538050542.858120,5.658426,-0.000024
1538050542.858120,5.658426,-0.000024
1538050542.858120,5.658426,-0.000024
1538050542.858120,5.658426,-0.000024
1538050544.324318,5.658426,-0.000024
1538050544.324318,5.658426,-0.000024
1538050544.324318,5.658426,-0.000024
1538050544.324318,5.658426,-0.000024
1538050544.324318,5.658426,-0.000024
1538050544.799866,5.658438,-0.000011
1538050544.799866,5.658438,-0.000011
1538050544.799866,5.658438,-0.000011
1538050544.799866,5.658438,-0.000011
1538050603.442364,5.658440,-0.000010
1538050603.442364,5.658440,-0.000010
1538050603.442364,5.658440,-0.000010
1538050603.442364,5.658440,-0.000010
1538050603.442364,5.658440,-0.000010
1538050603.442364,5.658440,-0.000010
1538050603.442364,5.658440,-0.000010
1538050603.442364,5.658440,-0.000010
1538050665.426931,5.658487,0.000000
1538050665.426931,5.658487,0.000000
1538050665.426931,5.658487,0.000000
1538050665.426931,5.658487,0.000000
1538050665.426931,5.658487,0.000000
1538050665.426931,5.658487,0.000000
1538050665.426931,5.658487,0.000000
1538050665.426931,5.658487,0.000000
1538050665.426931,5.658487,0.000000
1538050665.426931,5.658487,0.000000
1538050665.426931,5.658487,0.000000
1538050665.426931,5.658487,0.000000
1538050665.426931,5.658487,0.000000
1538050665.426931,5.658487,0.000000
1538050665.426931,5.658487,0.000000
1538050665.426931,5.658487,0.000000
1538050665.426931,5.658487,0.000000
1538050665.426931,5.658487,0.000000
1538050665.426931,5.658487,0.000000
1538050665.426931,5.658487,0.000000
1538050665.426931,5.658487,0.000000
1538050667.591283,5.658486,-0.000000
1538050667.591283,5.658486,-0.000000
1538050667.591283,5.658486,-0.000000
1538050667.591283,5.658486,-0.000000
1538050667.979281,5.658486,-0.000000
1538050667.979281,5.658486,-0.000000
1538050667.979281,5.658486,-0.000000
1538050667.979281,5.658486,-0.000000
1538050667.979281,5.658486,-0.000000
1538050667.979281,5.658486,-0.000000
1538050667.979281,5.658486,-0.000000
1538050667.979281,5.658486,-0.000000
1538050667.979281,5.658486,-0.000000
1538050667.979281,5.658486,-0.000000
1538050667.979281,5.658486,-0.000000
1538050667.979281,5.658486,-0.000000
1538050667.979281,5.658486,-0.000000
1538050667.979281,5.658486,-0.000000
1538050667.979281,5.658486,-0.000000
1538050667.979281,5.658486,-0.000000
1538050669.532098,5.658487,0.000000
1538050669.532098,5.658487,0.000000
1538050669.532098,5.658487,0.000000
1538050669.532098,5.658487,0.000000
1538050670.016359,5.658507,0.000020
1538050670.016359,5.658507,0.000020
1538050670.016359,5.658507,0.000020
1538050670.016359,5.658507,0.000020
1538050670.016359,5.658507,0.000020
1538050670.016359,5.658507,0.000020
1538050670.016359,5.658507,0.000020
1538050670.016359,5.658507,0.000020
1538050701.602245,5.658615,0.000000
1538050703.956066,5.658590,0.000002
1538050705.926925,5.658590,0.000002
1538050705.926925,5.658590,0.000002
1538050705.926925,5.658590,0.000002
1538050705.926925,5.658590,0.000002
1538050706.463596,5.658590,0.000002
1538050706.463596,5.658590,0.000002
1538050706.463596,5.658590,0.000002
1538050706.463596,5.658590,0.000002
1538050706.463596,5.658590,0.000002
1538050706.463596,5.658590,0.000002
1538050706.463596,5.658590,0.000002
1538050708.537620,5.658590,0.000002
1538050709.998499,5.658553,-0.000035
1538050710.491086,5.658553,-0.000035
1538050710.491086,5.658553,-0.000035
1538050710.491086,5.658553,-0.000035
1538050712.745588,5.658553,-0.000035
1538050712.745588,5.658553,-0.000035
1538050712.745588,5.658553,-0.000035
1538050712.745588,5.658553,-0.000035
1538050713.211826,5.658553,-0.000035
1538050713.211826,5.658553,-0.000035
1538050713.211826,5.658553,-0.000035
1538050713.211826,5.658553,-0.000035
1538050713.211826,5.658553,-0.000035
1538050713.211826,5.658553,-0.000035
1538050713.211826,5.658553,-0.000035
1538050713.211826,5.658553,-0.000035
1538050713.211826,5.658553,-0.000035
1538050713.211826,5.658553,-0.000035
1538050713.211826,5.658553,-0.000035
1538050713.211826,5.658553,-0.000035
1538050713.211826,5.658553,-0.000035
1538050713.211826,5.658553,-0.000035
1538050713.211826,5.658553,-0.000035
1538050713.211826,5.658553,-0.000035
1538050713.211826,5.658553,-0.000035
1538050715.531578,5.658553,-0.000035
1538050715.531578,5.658553,-0.000035
1538050715.531578,5.658553,-0.000035
1538050715.531578,5.658553,-0.000035
1538050715.531578,5.658553,-0.000035
1538050715.531578,5.658553,-0.000035
1538050715.531578,5.658553,-0.000035
1538050715.531578,5.658553,-0.000035
1538050715.531578,5.658553,-0.000035
1538050715.531578,5.658553,-0.000035
1538050715.531578,5.658553,-0.000035
1538050715.531578,5.658553,-0.000035
1538050715.531578,5.658553,-0.000035
1538050717.050764,5.658553,-0.000035
1538050717.050764,5.658553,-0.000035
1538050717.050764,5.658553,-0.000035
1538050717.050764,5.658553,-0.000035
1538050717.050764,5.658553,-0.000035
1538050717.517094,5.658553,-0.000035
1538050717.517094,5.658553,-0.000035
1538050717.517094,5.658553,-0.000035
1538050717.517094,5.658553,-0.000035
1538050717.517094,5.658553,-0.000035
1538050717.517094,5.658553,-0.000035
1538050717.517094,5.658553,-0.000035
1538050717.517094,5.658553,-0.000035
1538050717.517094,5.658553,-0.000035
1538050717.517094,5.658553,-0.000035
1538050717.517094,5.658553,-0.000035
1538050717.517094,5.658553,-0.000035
1538050717.517094,5.658553,-0.000035
1538050717.517094,5.658553,-0.000035
1538050719.984510,5.658558,-0.000030
1538050719.984510,5.658558,-0.000030
1538050719.984510,5.658558,-0.000030
1538050719.984510,5.658558,-0.000030
1538050719.984510,5.658558,-0.000030
1538050719.984510,5.658558,-0.000030
1538050719.984510,5.658558,-0.000030
1538050719.984510,5.658558,-0.000030
1538050719.984510,5.658558,-0.000030
1538050719.984510,5.658558,-0.000030
1538050719.984510,5.658558,-0.000030
1538050721.536829,5.658626,0.000038
1538050721.536829,5.658626,0.000038
1538050721.536829,5.658626,0.000038
1538050721.536829,5.658626,0.000038
1538050721.536829,5.658626,0.000038
1538050721.991597,5.658626,0.000038
1538050721.991597,5.658626,0.000038
1538050721.991597,5.658626,0.000038
1538050721.991597,5.658626,0.000038
1538050721.991597,5.658626,0.000038
1538050721.991597,5.658626,0.000038
1538050721.991597,5.658626,0.000038
1538050721.991597,5.658626,0.000038
1538050721.991597,5.658626,0.000038
1538050721.991597,5.658626,0.000038
1538050721.991597,5.658626,0.000038
1538050721.991597,5.658626,0.000038
1538050721.991597,5.658626,0.000038
1538050721.991597,5.658626,0.000038
1538050721.991597,5.658626,0.000038
1538050721.991597,5.658626,0.000038
1538050721.991597,5.658626,0.000038
1538050724.204186,5.658608,0.000020
1538050724.204186,5.658608,0.000020
1538050724.204186,5.658608,0.000020
1538050724.204186,5.658608,0.000020
1538050724.204186,5.658608,0.000020
1538050724.204186,5.658608,0.000020
1538050724.687905,5.658608,0.000020
1538050724.687905,5.658608,0.000020
1538050724.687905,5.658608,0.000020
1538050724.687905,5.658608,0.000020
1538050724.687905,5.658608,0.000020
1538050724.687905,5.658608,0.000020
1538050724.687905,5.658608,0.000020
1538050724.687905,5.658608,0.000020
1538050724.687905,5.658608,0.000020
1538050724.687905,5.658608,0.000020
1538050724.687905,5.658608,0.000020
1538050724.687905,5.658608,0.000020
1538050724.687905,5.658608,0.000020
1538050726.232445,5.658608,0.000020
1538050726.232445,5.658608,0.000020
1538050726.232445,5.658608,0.000020
1538050726.232445,5.658608,0.000020
1538050726.232445,5.658608,0.000020
1538050726.712852,5.658643,0.000055
1538050726.712852,5.658643,0.000055
1538050726.712852,5.658643,0.000055
1538050726.712852,5.658643,0.000055
1538050726.712852,5.658643,0.000055
1538050726.712852,5.658643,0.000055
1538050726.712852,5.658643,0.000055
1538050726.712852,5.658643,0.000055
1538050726.712852,5.658643,0.000055
1538050726.712852,5.658643,0.000055
1538050728.194287,5.658643,0.000055
1538050728.194287,5.658643,0.000055
1538050728.194287,5.658643,0.000055
1538050728.194287,5.658643,0.000055
1538050728.194287,5.658643,0.000055
1538050728.194287,5.658643,0.000055
1538050728.634769,5.658643,0.000055
1538050728.634769,5.658643,0.000055
1538050728.634769,5.658643,0.000055
1538050728.634769,5.658643,0.000055
1538050728.634769,5.658643,0.000055
1538050728.634769,5.658643,0.000055
1538050728.634769,5.658643,0.000055
1538050728.634769,5.658643,0.000055
1538050728.634769,5.658643,0.000055
1538050728.634769,5.658643,0.000055
1538050728.634769,5.658643,0.000055
1538050728.634769,5.658643,0.000055
1538050728.634769,5.658643,0.000055
1538050728.634769,5.658643,0.000055
1538050728.634769,5.658643,0.000055
1538050728.634769,5.658643,0.000055
1538050730.982178,5.658622,0.000034
1538050730.982178,5.658622,0.000034
1538050730.982178,5.658622,0.000034
1538050730.982178,5.658622,0.000034
1538050731.525855,5.658622,0.000034
1538050731.525855,5.658622,0.000034
1538050731.525855,5.658622,0.000034
1538050731.525855,5.658622,0.000034
1538050731.525855,5.658622,0.000034
1538050731.525855,5.658622,0.000034
1538050731.525855,5.658622,0.000034
1538050731.525855,5.658622,0.000034
1538050731.525855,5.658622,0.000034
1538050731.525855,5.658622,0.000034
1538050731.525855,5.658622,0.000034
1538050731.525855,5.658622,0.000034
1538050731.525855,5.658622,0.000034
1538050731.525855,5.658622,0.000034
1538050731.525855,5.658622,0.000034
1538050731.525855,5.658622,0.000034
1538050732.923448,5.658669,0.000081
1538050732.923448,5.658669,0.000081
1538050732.923448,5.658669,0.000081
1538050732.923448,5.658669,0.000081
1538050733.384000,5.658669,0.000081
1538050733.384000,5.658669,0.000081
1538050733.384000,5.658669,0.000081
1538050733.384000,5.658669,0.000081
1538050733.384000,5.658669,0.000081
1538050733.384000,5.658669,0.000081
1538050733.384000,5.658669,0.000081
1538050733.384000,5.658669,0.000081
1538050733.384000,5.658669,0.000081
1538050733.384000,5.658669,0.000081
1538050733.384000,5.658669,0.000081
1538050733.384000,5.658669,0.000081
1538050733.384000,5.658669,0.000081
1538050733.384000,5.658669,0.000081
1538050733.384000,5.658669,0.000081
1538050733.384000,5.658669,0.000081
1538050734.818262,5.658642,0.000054
1538050734.818262,5.658642,0.000054
1538050734.818262,5.658642,0.000054
1538050735.240265,5.658642,0.000054
1538050735.240265,5.658642,0.000054
1538050735.240265,5.658642,0.000054
1538050735.240265,5.658642,0.000054
1538050735.240265,5.658642,0.000054
1538050735.240265,5.658642,0.000054
1538050735.240265,5.658642,0.000054
1538050735.240265,5.658642,0.000054
1538050735.240265,5.658642,0.000054
1538050735.240265,5.658642,0.000054
1538050735.240265,5.658642,0.000054
1538050735.240265,5.658642,0.000054
1538050735.240265,5.658642,0.000054
1538050735.240265,5.658642,0.000054
1538050735.240265,5.658642,0.000054
1538050735.240265,5.658642,0.000054
1538050735.240265,5.658642,0.000054
1538050735.240265,5.658642,0.000054
1538050735.240265,5.658642,0.000054
1538050737.252443,5.658642,0.000054
1538050737.252443,5.658642,0.000054
1538050737.252443,5.658642,0.000054
1538050737.252443,5.658642,0.000054
1538050737.252443,5.658642,0.000054
1538050737.252443,5.658642,0.000054
1538050737.712504,5.658642,0.000054
1538050737.712504,5.658642,0.000054
1538050737.712504,5.658642,0.000054
1538050737.712504,5.658642,0.000054
1538050737.712504,5.658642,0.000054
1538050737.712504,5.658642,0.000054
1538050737.712504,5.658642,0.000054
1538050737.712504,5.658642,0.000054
1538050737.712504,5.658642,0.000054
1538050737.712504,5.658642,0.000054
1538050737.712504,5.658642,0.000054
1538050737.712504,5.658642,0.000054
1538050737.712504,5.658642,0.000054
1538050739.204546,5.658610,0.000022
1538050739.204546,5.658610,0.000022
1538050739.204546,5.658610,0.000022
1538050739.204546,5.658610,0.000022
1538050739.204546,5.658610,0.000022
1538050739.204546,5.658610,0.000022
1538050739.724969,5.658610,0.000022
1538050739.724969,5.658610,0.000022
1538050739.724969,5.658610,0.000022
1538050739.724969,5.658610,0.000022
1538050739.724969,5.658610,0.000022
1538050739.724969,5.658610,0.000022
1538050739.724969,5.658610,0.000022
1538050739.724969,5.658610,0.000022
1538050739.724969,5.658610,0.000022
1538050739.724969,5.658610,0.000022
1538050739.724969,5.658610,0.000022
1538050741.209783,5.658651,0.000064
1538050741.209783,5.658651,0.000064
1538050741.209783,5.658651,0.000064
1538050741.209783,5.658651,0.000064
1538050741.682451,5.658651,0.000064
1538050741.682451,5.658651,0.000064
1538050741.682451,5.658651,0.000064
1538050741.682451,5.658651,0.000064
1538050741.682451,5.658651,0.000064
1538050741.682451,5.658651,0.000064
1538050741.682451,5.658651,0.000064
1538050741.682451,5.658651,0.000064
1538050741.682451,5.658651,0.000064
1538050741.682451,5.658651,0.000064
1538050741.682451,5.658651,0.000064
1538050741.682451,5.658651,0.000064
1538050741.682451,5.658651,0.000064
1538050741.682451,5.658651,0.000064
1538050741.682451,5.658651,0.000064
1538050741.682451,5.658651,0.000064
1538050741.682451,5.658651,0.000064
1538050744.021772,5.658651,0.000064
1538050744.021772,5.658651,0.000064
1538050744.021772,5.658651,0.000064
1538050744.021772,5.658651,0.000064
1538050744.021772,5.658651,0.000064
1538050744.021772,5.658651,0.000064
1538050744.021772,5.658651,0.000064
1538050744.021772,5.658651,0.000064
1538050744.021772,5.658651,0.000064
1538050744.021772,5.658651,0.000064
1538050744.021772,5.658651,0.000064
1538050744.021772,5.658651,0.000064
1538050744.021772,5.658651,0.000064
1538050745.462190,5.658651,0.000064
1538050745.462190,5.658651,0.000064
1538050745.462190,5.658651,0.000064
1538050745.462190,5.658651,0.000064
1538050745.462190,5.658651,0.000064
1538050745.462190,5.658651,0.000064
1538050745.462190,5.658651,0.000064
1538050745.462190,5.658651,0.000064
1538050745.462190,5.658651,0.000064
1538050745.462190,5.658651,0.000064
1538050745.462190,5.658651,0.000064
1538050745.462190,5.658651,0.000064
1538050745.462190,5.658651,0.000064
1538050745.462190,5.658651,0.000064
1538050745.462190,5.658651,0.000064
1538050745.462190,5.658651,0.000064
1538050745.462190,5.658651,0.000064
1538050745.462190,5.658651,0.000064
1538050745.462190,5.658651,0.000064
1538050747.804519,5.658589,0.000001
1538050747.804519,5.658589,0.000001
1538050747.804519,5.658589,0.000001
1538050747.804519,5.658589,0.000001
1538050747.804519,5.658589,0.000001
1538050747.804519,5.658589,0.000001
1538050748.351718,5.658589,0.000001
1538050748.351718,5.658589,0.000001
1538050748.351718,5.658589,0.000001
1538050748.351718,5.658589,0.000001
1538050748.351718,5.658589,0.000001
1538050748.351718,5.658589,0.000001
1538050748.351718,5.658589,0.000001
1538050748.351718,5.658589,0.000001
1538050748.351718,5.658589,0.000001
1538050748.351718,5.658589,0.000001
1538050748.351718,5.658589,0.000001
1538050748.351718,5.658589,0.000001
1538050748.351718,5.658589,0.000001
1538050749.847056,5.658589,0.000001
1538050749.847056,5.658589,0.000001
1538050749.847056,5.658589,0.000001
1538050749.847056,5.658589,0.000001
1538050750.387828,5.658576,-0.000012
1538050750.387828,5.658576,-0.000012
1538050750.387828,5.658576,-0.000012
1538050750.387828,5.658576,-0.000012
1538050750.387828,5.658576,-0.000012
1538050750.387828,5.658576,-0.000012
1538050750.387828,5.658576,-0.000012
1538050750.387828,5.658576,-0.000012
1538050750.387828,5.658576,-0.000012
1538050750.387828,5.658576,-0.000012
1538050750.387828,5.658576,-0.000012
1538050751.842622,5.658576,-0.000012
1538050751.842622,5.658576,-0.000012
1538050751.842622,5.658576,-0.000012
1538050751.842622,5.658576,-0.000012
1538050751.842622,5.658576,-0.000012
1538050752.328705,5.658576,-0.000012
1538050752.328705,5.658576,-0.000012
1538050752.328705,5.658576,-0.000012
1538050752.328705,5.658576,-0.000012
1538050752.328705,5.658576,-0.000012
1538050752.328705,5.658576,-0.000012
1538050752.328705,5.658576,-0.000012
1538050752.328705,5.658576,-0.000012
1538050752.328705,5.658576,-0.000012
1538050752.328705,5.658576,-0.000012
1538050752.328705,5.658576,-0.000012
1538050752.328705,5.658576,-0.000012
1538050752.328705,5.658576,-0.000012
1538050752.328705,5.658576,-0.000012
1538050752.328705,5.658576,-0.000012
1538050752.328705,5.658576,-0.000012
1538050752.328705,5.658576,-0.000012
1538050754.819271,5.658587,-0.000000
1538050754.819271,5.658587,-0.000000
1538050754.819271,5.658587,-0.000000
1538050754.819271,5.658587,-0.000000
1538050754.819271,5.658587,-0.000000
1538050754.819271,5.658587,-0.000000
1538050754.819271,5.658587,-0.000000
1538050754.819271,5.658587,-0.000000
1538050755.343800,5.658587,-0.000000
1538050755.343800,5.658587,-0.000000
1538050755.343800,5.658587,-0.000000
1538050755.343800,5.658587,-0.000000
1538050755.343800,5.658587,-0.000000
1538050755.343800,5.658587,-0.000000
1538050755.343800,5.658587,-0.000000
1538050755.343800,5.658587,-0.000000
1538050755.343800,5.658587,-0.000000
1538050755.343800,5.658587,-0.000000
1538050755.343800,5.658587,-0.000000
1538050755.343800,5.658587,-0.000000
1538050755.343800,5.658587,-0.000000
1538050756.930652,5.658587,-0.000000
1538050756.930652,5.658587,-0.000000
1538050756.930652,5.658587,-0.000000
1538050756.930652,5.658587,-0.000000
1538050757.381035,5.658587,-0.000000
1538050757.381035,5.658587,-0.000000
1538050757.381035,5.658587,-0.000000
1538050757.381035,5.658587,-0.000000
1538050757.381035,5.658587,-0.000000
1538050757.381035,5.658587,-0.000000
1538050757.381035,5.658587,-0.000000
1538050757.381035,5.658587,-0.000000
1538050757.381035,5.658587,-0.000000
1538050757.381035,5.658587,-0.000000
1538050757.381035,5.658587,-0.000000
1538050757.381035,5.658587,-0.000000
1538050758.856420,5.658543,-0.000044
1538050758.856420,5.658543,-0.000044
1538050758.856420,5.658543,-0.000044
1538050758.856420,5.658543,-0.000044
1538050758.856420,5.658543,-0.000044
1538050759.330712,5.658543,-0.000044
1538050759.330712,5.658543,-0.000044
1538050759.330712,5.658543,-0.000044
1538050759.330712,5.658543,-0.000044
1538050759.330712,5.658543,-0.000044
1538050759.330712,5.658543,-0.000044
1538050759.330712,5.658543,-0.000044
1538050759.330712,5.658543,-0.000044
1538050759.330712,5.658543,-0.000044
1538050759.330712,5.658543,-0.000044
1538050760.829058,5.658543,-0.000044
1538050760.829058,5.658543,-0.000044
1538050760.829058,5.658543,-0.000044
1538050760.829058,5.658543,-0.000044
1538050760.829058,5.658543,-0.000044
1538050760.829058,5.658543,-0.000044
1538050761.321607,5.658543,-0.000044
1538050761.321607,5.658543,-0.000044
1538050761.321607,5.658543,-0.000044
1538050761.321607,5.658543,-0.000044
1538050761.321607,5.658543,-0.000044
1538050761.321607,5.658543,-0.000044
1538050761.321607,5.658543,-0.000044
1538050761.321607,5.658543,-0.000044
1538050761.321607,5.658543,-0.000044
1538050761.321607,5.658543,-0.000044
1538050761.321607,5.658543,-0.000044
1538050761.321607,5.658543,-0.000044
1538050761.321607,5.658543,-0.000044
1538050761.321607,5.658543,-0.000044
1538050761.321607,5.658543,-0.000044
1538050761.321607,5.658543,-0.000044
1538050761.321607,5.658543,-0.000044
1538050763.807721,5.658543,-0.000044
1538050763.807721,5.658543,-0.000044
1538050763.807721,5.658543,-0.000044
1538050763.807721,5.658543,-0.000044
1538050763.807721,5.658543,-0.000044
1538050764.342576,5.658543,-0.000044
1538050764.342576,5.658543,-0.000044
1538050764.342576,5.658543,-0.000044
1538050764.342576,5.658543,-0.000044
1538050764.342576,5.658543,-0.000044
1538050764.342576,5.658543,-0.000044
