1538049794.564274,8.733361,-0.005963
1538049794.564274,8.733361,-0.005963
1538049794.564274,8.733361,-0.005963
1538049794.564274,8.733361,-0.005963
1538049794.963431,8.733361,-0.005963
1538049794.963431,8.733361,-0.005963
1538049794.963431,8.733361,-0.005963
1538049794.963431,8.733361,-0.005963
1538049794.963431,8.733361,-0.005963
1538049794.963431,8.733361,-0.005963
1538049794.963431,8.733361,-0.005963
1538049794.963431,8.733361,-0.005963
1538049794.963431,8.733361,-0.005963
1538049794.963431,8.733361,-0.005963
1538049794.963431,8.733361,-0.005963
1538049794.963431,8.733361,-0.005963
1538049794.963431,8.733361,-0.005963
1538049794.963431,8.733361,-0.005963
1538049794.963431,8.733361,-0.005963
1538049856.455069,8.733120,-0.006204
1538049856.455069,8.733120,-0.006204
1538049856.455069,8.733120,-0.006204
1538049856.455069,8.733120,-0.006204
1538049856.455069,8.733120,-0.006204
1538049856.455069,8.733120,-0.006204
1538049856.455069,8.733120,-0.006204
1538049856.455069,8.733120,-0.006204
1538049856.455069,8.733120,-0.006204
1538049917.093252,8.732698,-0.006627
1538049917.093252,8.732698,-0.006627
1538049917.093252,8.732698,-0.006627
1538049917.093252,8.732698,-0.006627
1538049917.093252,8.732698,-0.006627
1538049917.093252,8.732698,-0.006627
1538049917.093252,8.732698,-0.006627
1538049917.093252,8.732698,-0.006627
1538049917.093252,8.732698,-0.006627
1538049917.093252,8.732698,-0.006627
1538049917.093252,8.732698,-0.006627
1538049918.503560,8.733107,-0.006218
1538049918.503560,8.733107,-0.006218
1538049918.503560,8.733107,-0.006218
1538049918.503560,8.733107,-0.006218
1538049918.898604,8.733107,-0.006218
1538049918.898604,8.733107,-0.006218
1538049918.898604,8.733107,-0.006218
1538049918.898604,8.733107,-0.006218
1538049918.898604,8.733107,-0.006218
1538049950.686858,8.732317,-0.007008
1538049950.686858,8.732317,-0.007008
1538049950.686858,8.732317,-0.007008
1538049950.686858,8.732317,-0.007008
1538049950.686858,8.732317,-0.007008
1538049950.686858,8.732317,-0.007008
1538049950.686858,8.732317,-0.007008
1538049950.686858,8.732317,-0.007008
1538049950.686858,8.732317,-0.007008
1538049953.795135,8.732543,-0.006781
1538049953.795135,8.732543,-0.006781
1538049953.795135,8.732543,-0.006781
1538049953.795135,8.732543,-0.006781
1538049953.795135,8.732543,-0.006781
1538049954.213466,8.732543,-0.006781
1538049954.213466,8.732543,-0.006781
1538049954.213466,8.732543,-0.006781
1538049954.213466,8.732543,-0.006781
1538049954.213466,8.732543,-0.006781
1538049954.213466,8.732543,-0.006781
1538049954.213466,8.732543,-0.006781
1538049954.213466,8.732543,-0.006781
1538049954.213466,8.732543,-0.006781
1538049954.213466,8.732543,-0.006781
1538049954.213466,8.732543,-0.006781
1538049954.213466,8.732543,-0.006781
1538049954.213466,8.732543,-0.006781
1538049954.213466,8.732543,-0.006781
1538049955.619268,8.732543,-0.006781
1538049955.619268,8.732543,-0.006781
1538049955.619268,8.732543,-0.006781
1538049955.619268,8.732543,-0.006781
1538049955.619268,8.732543,-0.006781
1538049956.007430,8.732543,-0.006781
1538049956.007430,8.732543,-0.006781
1538049956.007430,8.732543,-0.006781
1538049956.007430,8.732543,-0.006781
1538049956.007430,8.732543,-0.006781
1538049956.007430,8.732543,-0.006781
1538049956.007430,8.732543,-0.006781
1538049956.007430,8.732543,-0.006781
1538049956.007430,8.732543,-0.006781
1538049956.007430,8.732543,-0.006781
