1538052111.336778,5.658537,-0.000266
1538052111.336778,5.658537,-0.000266
1538052111.336778,5.658537,-0.000266
1538052111.336778,5.658537,-0.000266
1538052111.722669,5.658537,-0.000266
1538052111.722669,5.658537,-0.000266
1538052111.722669,5.658537,-0.000266
1538052111.722669,5.658537,-0.000266
1538052111.722669,5.658537,-0.000266
1538052111.722669,5.658537,-0.000266
1538052111.722669,5.658537,-0.000266
1538052111.722669,5.658537,-0.000266
1538052111.722669,5.658537,-0.000266
1538052111.722669,5.658537,-0.000266
1538052111.722669,5.658537,-0.000266
1538052113.135288,5.658537,-0.000266
1538052113.135288,5.658537,-0.000266
1538052113.135288,5.658537,-0.000266
1538052113.135288,5.658537,-0.000266
1538052113.135288,5.658537,-0.000266
1538052113.135288,5.658537,-0.000266
1538052128.464009,5.658451,-0.000352
1538052128.464009,5.658451,-0.000352
1538052128.464009,5.658451,-0.000352
1538052128.464009,5.658451,-0.000352
1538052128.464009,5.658451,-0.000352
1538052128.464009,5.658451,-0.000352
1538052128.464009,5.658451,-0.000352
1538052128.464009,5.658451,-0.000352
1538052128.464009,5.658451,-0.000352
1538052129.837794,5.658451,-0.000352
1538052129.837794,5.658451,-0.000352
1538052129.837794,5.658451,-0.000352
1538052129.837794,5.658451,-0.000352
