1538048437.572284,8.731961,-0.007161
1538048437.572284,8.731961,-0.007161
1538048437.572284,8.731961,-0.007161
1538048439.361108,8.731961,-0.007161
1538048439.361108,8.731961,-0.007161
1538048439.361108,8.731961,-0.007161
1538048439.361108,8.731961,-0.007161
1538048500.414267,8.732613,-0.006509
1538048500.414267,8.732613,-0.006509
1538048500.414267,8.732613,-0.006509
1538048500.414267,8.732613,-0.006509
1538048502.230894,8.732698,-0.006423
1538048502.230894,8.732698,-0.006423
1538048502.230894,8.732698,-0.006423
1538048502.230894,8.732698,-0.006423
1538048502.230894,8.732698,-0.006423
1538048504.339042,8.732613,-0.006509
1538048504.339042,8.732613,-0.006509
1538048504.339042,8.732613,-0.006509
1538048504.339042,8.732613,-0.006509
1538048504.339042,8.732613,-0.006509
1538048504.339042,8.732613,-0.006509
1538048504.339042,8.732613,-0.006509
1538048504.339042,8.732613,-0.006509
1538048504.339042,8.732613,-0.006509
1538048504.339042,8.732613,-0.006509
1538048504.339042,8.732613,-0.006509
1538048504.339042,8.732613,-0.006509
1538048511.086673,8.733461,-0.005660
1538048511.086673,8.733461,-0.005660
1538048511.086673,8.733461,-0.005660
1538048511.086673,8.733461,-0.005660
1538048511.478127,8.733461,-0.005660
1538048511.478127,8.733461,-0.005660
1538048511.478127,8.733461,-0.005660
1538048511.478127,8.733461,-0.005660
1538048511.478127,8.733461,-0.005660
1538048511.478127,8.733461,-0.005660
1538048511.478127,8.733461,-0.005660
1538048511.478127,8.733461,-0.005660
1538048511.478127,8.733461,-0.005660
1538048511.478127,8.733461,-0.005660
1538048511.478127,8.733461,-0.005660
1538048511.478127,8.733461,-0.005660
1538048511.478127,8.733461,-0.005660
1538048511.478127,8.733461,-0.005660
1538048511.478127,8.733461,-0.005660
1538048511.478127,8.733461,-0.005660
1538048511.478127,8.733461,-0.005660
1538048511.478127,8.733461,-0.005660
1538048511.478127,8.733461,-0.005660
1538048511.478127,8.733461,-0.005660
1538048515.551311,8.733623,-0.005499
1538048515.551311,8.733623,-0.005499
1538048515.551311,8.733623,-0.005499
1538048515.551311,8.733623,-0.005499
1538048515.551311,8.733623,-0.005499
1538048515.551311,8.733623,-0.005499
1538048515.949869,8.733623,-0.005499
1538048515.949869,8.733623,-0.005499
1538048515.949869,8.733623,-0.005499
1538048515.949869,8.733623,-0.005499
1538048515.949869,8.733623,-0.005499
1538048515.949869,8.733623,-0.005499
1538048515.949869,8.733623,-0.005499
1538048515.949869,8.733623,-0.005499
1538048515.949869,8.733623,-0.005499
1538048515.949869,8.733623,-0.005499
1538048515.949869,8.733623,-0.005499
1538048515.949869,8.733623,-0.005499
1538048515.949869,8.733623,-0.005499
1538048515.949869,8.733623,-0.005499
1538048515.949869,8.733623,-0.005499
1538048517.373015,8.733207,-0.005915
1538048517.373015,8.733207,-0.005915
1538048517.373015,8.733207,-0.005915
1538048517.373015,8.733207,-0.005915
1538048517.373015,8.733207,-0.005915
1538048517.772500,8.733207,-0.005915
1538048517.772500,8.733207,-0.005915
1538048517.772500,8.733207,-0.005915
1538048517.772500,8.733207,-0.005915
1538048517.772500,8.733207,-0.005915
1538048517.772500,8.733207,-0.005915
1538048517.772500,8.733207,-0.005915
1538048517.772500,8.733207,-0.005915
1538048517.772500,8.733207,-0.005915
1538048517.772500,8.733207,-0.005915
1538048517.772500,8.733207,-0.005915
1538048517.772500,8.733207,-0.005915
1538048517.772500,8.733207,-0.005915
1538048517.772500,8.733207,-0.005915
1538048517.772500,8.733207,-0.005915
1538048519.970167,8.733203,-0.005918
1538048519.970167,8.733203,-0.005918
1538048519.970167,8.733203,-0.005918
1538048519.970167,8.733203,-0.005918
1538048519.970167,8.733203,-0.005918
1538048519.970167,8.733203,-0.005918
1538048519.970167,8.733203,-0.005918
1538048519.970167,8.733203,-0.005918
1538048519.970167,8.733203,-0.005918
1538048519.970167,8.733203,-0.005918
1538048519.970167,8.733203,-0.005918
1538048519.970167,8.733203,-0.005918
1538048519.970167,8.733203,-0.005918
1538048519.970167,8.733203,-0.005918
1538048519.970167,8.733203,-0.005918
1538048521.702135,8.733203,-0.005918
1538048521.702135,8.733203,-0.005918
1538048521.702135,8.733203,-0.005918
1538048521.702135,8.733203,-0.005918
1538048521.702135,8.733203,-0.005918
1538048521.702135,8.733203,-0.005918
1538048521.702135,8.733203,-0.005918
1538048521.702135,8.733203,-0.005918
1538048521.702135,8.733203,-0.005918
1538048521.702135,8.733203,-0.005918
1538048521.702135,8.733203,-0.005918
1538048521.702135,8.733203,-0.005918
1538048521.702135,8.733203,-0.005918
1538048521.702135,8.733203,-0.005918
1538048521.702135,8.733203,-0.005918
1538048521.702135,8.733203,-0.005918
1538048523.097772,8.733203,-0.005918
1538048523.097772,8.733203,-0.005918
1538048523.097772,8.733203,-0.005918
1538048523.097772,8.733203,-0.005918
1538048524.848632,8.733203,-0.005918
1538048524.848632,8.733203,-0.005918
1538048524.848632,8.733203,-0.005918
1538048524.848632,8.733203,-0.005918
1538048524.848632,8.733203,-0.005918
1538048526.592120,8.733203,-0.005918
1538048526.592120,8.733203,-0.005918
1538048526.592120,8.733203,-0.005918
1538048526.592120,8.733203,-0.005918
1538048526.592120,8.733203,-0.005918
1538048527.012314,8.733465,-0.005657
1538048527.012314,8.733465,-0.005657
1538048527.012314,8.733465,-0.005657
1538048527.012314,8.733465,-0.005657
1538048527.012314,8.733465,-0.005657
1538048527.012314,8.733465,-0.005657
1538048527.012314,8.733465,-0.005657
1538048527.012314,8.733465,-0.005657
1538048527.012314,8.733465,-0.005657
1538048527.012314,8.733465,-0.005657
1538048527.012314,8.733465,-0.005657
1538048527.012314,8.733465,-0.005657
1538048528.779989,8.733369,-0.005753
1538048528.779989,8.733369,-0.005753
1538048528.779989,8.733369,-0.005753
1538048528.779989,8.733369,-0.005753
1538048528.779989,8.733369,-0.005753
1538048528.779989,8.733369,-0.005753
1538048528.779989,8.733369,-0.005753
1538048528.779989,8.733369,-0.005753
1538048528.779989,8.733369,-0.005753
1538048528.779989,8.733369,-0.005753
1538048528.779989,8.733369,-0.005753
1538048528.779989,8.733369,-0.005753
1538048528.779989,8.733369,-0.005753
1538048528.779989,8.733369,-0.005753
1538048528.779989,8.733369,-0.005753
1538048530.609518,8.733166,-0.005956
1538048530.609518,8.733166,-0.005956
1538048530.609518,8.733166,-0.005956
1538048530.609518,8.733166,-0.005956
1538048530.609518,8.733166,-0.005956
1538048530.609518,8.733166,-0.005956
1538048530.609518,8.733166,-0.005956
1538048530.609518,8.733166,-0.005956
1538048530.609518,8.733166,-0.005956
1538048530.609518,8.733166,-0.005956
1538048530.609518,8.733166,-0.005956
1538048530.609518,8.733166,-0.005956
1538048530.609518,8.733166,-0.005956
1538048530.609518,8.733166,-0.005956
1538048530.609518,8.733166,-0.005956
1538048530.609518,8.733166,-0.005956
1538048533.808446,8.732826,-0.006296
1538048533.808446,8.732826,-0.006296
1538048533.808446,8.732826,-0.006296
1538048533.808446,8.732826,-0.006296
