1538051570.010434,5.658821,0.000000
1538051729.298189,5.658885,0.000000
1538051729.298189,5.658885,0.000000
1538051729.298189,5.658885,0.000000
1538051766.832409,5.658714,-0.000143
1538051769.240921,5.658714,-0.000143
1538051769.240921,5.658714,-0.000143
1538051769.240921,5.658714,-0.000143
1538051769.240921,5.658714,-0.000143
1538051769.240921,5.658714,-0.000143
1538051769.761360,5.658759,-0.000099
1538051769.761360,5.658759,-0.000099
1538051769.761360,5.658759,-0.000099
1538051769.761360,5.658759,-0.000099
1538051769.761360,5.658759,-0.000099
1538051769.761360,5.658759,-0.000099
1538051769.761360,5.658759,-0.000099
1538051769.761360,5.658759,-0.000099
1538051769.761360,5.658759,-0.000099
1538051769.761360,5.658759,-0.000099
1538051769.761360,5.658759,-0.000099
1538051769.761360,5.658759,-0.000099
1538051769.761360,5.658759,-0.000099
1538051771.204999,5.658759,-0.000099
1538051771.204999,5.658759,-0.000099
1538051771.204999,5.658759,-0.000099
1538051771.204999,5.658759,-0.000099
1538051771.204999,5.658759,-0.000099
1538051771.659834,5.658759,-0.000099
1538051771.659834,5.658759,-0.000099
1538051771.659834,5.658759,-0.000099
1538051771.659834,5.658759,-0.000099
1538051771.659834,5.658759,-0.000099
1538051771.659834,5.658759,-0.000099
1538051771.659834,5.658759,-0.000099
1538051771.659834,5.658759,-0.000099
1538051771.659834,5.658759,-0.000099
1538051771.659834,5.658759,-0.000099
1538051771.659834,5.658759,-0.000099
1538051771.659834,5.658759,-0.000099
1538051771.659834,5.658759,-0.000099
1538051773.692037,5.658759,-0.000099
1538051773.692037,5.658759,-0.000099
1538051773.692037,5.658759,-0.000099
1538051773.692037,5.658759,-0.000099
1538051773.692037,5.658759,-0.000099
1538051773.692037,5.658759,-0.000099
1538051773.692037,5.658759,-0.000099
1538051773.692037,5.658759,-0.000099
1538051773.692037,5.658759,-0.000099
1538051773.692037,5.658759,-0.000099
1538051773.692037,5.658759,-0.000099
1538051773.692037,5.658759,-0.000099
1538051773.692037,5.658759,-0.000099
1538051773.692037,5.658759,-0.000099
1538051773.692037,5.658759,-0.000099
1538051775.666225,5.658794,-0.000064
1538051775.666225,5.658794,-0.000064
1538051775.666225,5.658794,-0.000064
1538051775.666225,5.658794,-0.000064
1538051776.158821,5.658762,-0.000096
1538051776.158821,5.658762,-0.000096
1538051776.158821,5.658762,-0.000096
1538051776.158821,5.658762,-0.000096
1538051776.158821,5.658762,-0.000096
1538051776.158821,5.658762,-0.000096
1538051776.158821,5.658762,-0.000096
1538051776.158821,5.658762,-0.000096
1538051776.158821,5.658762,-0.000096
1538051776.158821,5.658762,-0.000096
1538051776.158821,5.658762,-0.000096
1538051778.082581,5.658762,-0.000096
1538051778.082581,5.658762,-0.000096
1538051778.082581,5.658762,-0.000096
1538051778.082581,5.658762,-0.000096
1538051778.082581,5.658762,-0.000096
1538051778.082581,5.658762,-0.000096
1538051778.082581,5.658762,-0.000096
1538051778.082581,5.658762,-0.000096
1538051778.082581,5.658762,-0.000096
1538051778.082581,5.658762,-0.000096
1538051778.082581,5.658762,-0.000096
1538051778.082581,5.658762,-0.000096
1538051778.082581,5.658762,-0.000096
1538051778.082581,5.658762,-0.000096
1538051781.464470,5.658762,-0.000096
1538051781.464470,5.658762,-0.000096
1538051781.464470,5.658762,-0.000096
1538051781.464470,5.658762,-0.000096
1538051781.464470,5.658762,-0.000096
1538051783.400423,5.658728,-0.000130
1538051783.400423,5.658728,-0.000130
1538051783.400423,5.658728,-0.000130
1538051783.400423,5.658728,-0.000130
1538051783.400423,5.658728,-0.000130
1538051785.278457,5.658648,-0.000210
1538051785.278457,5.658648,-0.000210
1538051785.278457,5.658648,-0.000210
1538051785.278457,5.658648,-0.000210
1538051785.278457,5.658648,-0.000210
1538051785.756046,5.658648,-0.000210
1538051785.756046,5.658648,-0.000210
1538051785.756046,5.658648,-0.000210
1538051785.756046,5.658648,-0.000210
1538051785.756046,5.658648,-0.000210
1538051785.756046,5.658648,-0.000210
1538051785.756046,5.658648,-0.000210
1538051785.756046,5.658648,-0.000210
1538051906.424605,5.658686,-0.000116
1538051906.424605,5.658686,-0.000116
1538051906.424605,5.658686,-0.000116
1538051906.424605,5.658686,-0.000116
1538051906.424605,5.658686,-0.000116
1538051906.424605,5.658686,-0.000116
1538051906.424605,5.658686,-0.000116
1538051967.135982,5.658603,-0.000199
1538051967.135982,5.658603,-0.000199
1538051967.135982,5.658603,-0.000199
1538051967.135982,5.658603,-0.000199
1538051967.135982,5.658603,-0.000199
1538051967.135982,5.658603,-0.000199
1538051967.135982,5.658603,-0.000199
1538051967.135982,5.658603,-0.000199
1538051967.135982,5.658603,-0.000199
1538051967.135982,5.658603,-0.000199
1538051968.533643,5.658636,-0.000167
1538051968.533643,5.658636,-0.000167
1538051968.533643,5.658636,-0.000167
1538051968.533643,5.658636,-0.000167
1538051968.533643,5.658636,-0.000167
1538051968.932731,5.658636,-0.000167
1538051968.932731,5.658636,-0.000167
1538052027.776465,5.658665,-0.000138
1538052027.776465,5.658665,-0.000138
1538052027.776465,5.658665,-0.000138
1538052027.776465,5.658665,-0.000138
1538052027.776465,5.658665,-0.000138
1538052027.776465,5.658665,-0.000138
1538052029.176667,5.658663,-0.000140
1538052029.176667,5.658663,-0.000140
1538052029.176667,5.658663,-0.000140
1538052029.576830,5.658663,-0.000140
1538052029.576830,5.658663,-0.000140
1538052029.576830,5.658663,-0.000140
1538052029.576830,5.658663,-0.000140
1538052029.576830,5.658663,-0.000140
1538052029.576830,5.658663,-0.000140
1538052029.576830,5.658663,-0.000140
1538052029.576830,5.658663,-0.000140
1538052029.576830,5.658663,-0.000140
1538052029.576830,5.658663,-0.000140
1538052029.576830,5.658663,-0.000140
1538052029.576830,5.658663,-0.000140
1538052029.576830,5.658663,-0.000140
1538052029.576830,5.658663,-0.000140
1538052029.576830,5.658663,-0.000140
1538052029.576830,5.658663,-0.000140
1538052031.843657,5.658663,-0.000140
1538052031.843657,5.658663,-0.000140
1538052031.843657,5.658663,-0.000140
1538052031.843657,5.658663,-0.000140
1538052032.267115,5.658663,-0.000140
1538052032.267115,5.658663,-0.000140
1538052032.267115,5.658663,-0.000140
1538052032.267115,5.658663,-0.000140
1538052032.267115,5.658663,-0.000140
1538052032.267115,5.658663,-0.000140
1538052032.267115,5.658663,-0.000140
1538052032.267115,5.658663,-0.000140
1538052032.267115,5.658663,-0.000140
1538052032.267115,5.658663,-0.000140
1538052032.267115,5.658663,-0.000140
1538052032.267115,5.658663,-0.000140
1538052032.267115,5.658663,-0.000140
1538052033.695751,5.658644,-0.000158
1538052033.695751,5.658644,-0.000158
1538052033.695751,5.658644,-0.000158
1538052034.168362,5.658644,-0.000158
1538052034.168362,5.658644,-0.000158
1538052034.168362,5.658644,-0.000158
1538052034.168362,5.658644,-0.000158
1538052034.168362,5.658644,-0.000158
1538052034.168362,5.658644,-0.000158
1538052034.168362,5.658644,-0.000158
1538052034.168362,5.658644,-0.000158
1538052034.168362,5.658644,-0.000158
1538052034.168362,5.658644,-0.000158
1538052034.168362,5.658644,-0.000158
1538052034.168362,5.658644,-0.000158
1538052034.168362,5.658644,-0.000158
1538052036.075856,5.658644,-0.000158
1538052036.075856,5.658644,-0.000158
1538052036.075856,5.658644,-0.000158
1538052036.075856,5.658644,-0.000158
1538052036.075856,5.658644,-0.000158
1538052036.075856,5.658644,-0.000158
1538052036.512057,5.658644,-0.000158
1538052036.512057,5.658644,-0.000158
1538052036.512057,5.658644,-0.000158
1538052036.512057,5.658644,-0.000158
1538052036.512057,5.658644,-0.000158
1538052036.512057,5.658644,-0.000158
1538052036.512057,5.658644,-0.000158
1538052036.512057,5.658644,-0.000158
1538052036.512057,5.658644,-0.000158
1538052036.512057,5.658644,-0.000158
1538052036.512057,5.658644,-0.000158
1538052036.512057,5.658644,-0.000158
1538052036.512057,5.658644,-0.000158
1538052038.299307,5.658592,-0.000210
1538052038.299307,5.658592,-0.000210
1538052038.299307,5.658592,-0.000210
1538052038.299307,5.658592,-0.000210
1538052038.679407,5.658648,-0.000155
1538052038.679407,5.658648,-0.000155
1538052038.679407,5.658648,-0.000155
1538052038.679407,5.658648,-0.000155
1538052038.679407,5.658648,-0.000155
1538052038.679407,5.658648,-0.000155
1538052038.679407,5.658648,-0.000155
1538052038.679407,5.658648,-0.000155
1538052038.679407,5.658648,-0.000155
1538052038.679407,5.658648,-0.000155
1538052038.679407,5.658648,-0.000155
1538052038.679407,5.658648,-0.000155
1538052038.679407,5.658648,-0.000155
1538052038.679407,5.658648,-0.000155
1538052038.679407,5.658648,-0.000155
1538052038.679407,5.658648,-0.000155
1538052038.679407,5.658648,-0.000155
1538052038.679407,5.658648,-0.000155
1538052056.010656,5.658601,-0.000201
1538052056.010656,5.658601,-0.000201
1538052056.010656,5.658601,-0.000201
1538052056.010656,5.658601,-0.000201
1538052056.429313,5.658601,-0.000201
1538052056.429313,5.658601,-0.000201
1538052056.429313,5.658601,-0.000201
1538052056.429313,5.658601,-0.000201
1538052056.429313,5.658601,-0.000201
1538052056.429313,5.658601,-0.000201
1538052056.429313,5.658601,-0.000201
1538052056.429313,5.658601,-0.000201
1538052056.429313,5.658601,-0.000201
1538052056.429313,5.658601,-0.000201
1538052056.429313,5.658601,-0.000201
1538052057.873389,5.658601,-0.000201
1538052057.873389,5.658601,-0.000201
1538052058.326565,5.658601,-0.000201
1538052058.326565,5.658601,-0.000201
1538052058.326565,5.658601,-0.000201
1538052058.326565,5.658601,-0.000201
1538052058.326565,5.658601,-0.000201
1538052058.326565,5.658601,-0.000201
1538052058.326565,5.658601,-0.000201
1538052058.326565,5.658601,-0.000201
1538052058.326565,5.658601,-0.000201
1538052058.326565,5.658601,-0.000201
1538052058.326565,5.658601,-0.000201
1538052058.326565,5.658601,-0.000201
1538052059.760917,5.658601,-0.000201
1538052059.760917,5.658601,-0.000201
1538052059.760917,5.658601,-0.000201
1538052059.760917,5.658601,-0.000201
1538052059.760917,5.658601,-0.000201
1538052059.760917,5.658601,-0.000201
1538052059.760917,5.658601,-0.000201
1538052059.760917,5.658601,-0.000201
1538052059.760917,5.658601,-0.000201
1538052060.578358,5.658601,-0.000201
1538052060.578358,5.658601,-0.000201
1538052060.578358,5.658601,-0.000201
1538052060.578358,5.658601,-0.000201
1538052060.578358,5.658601,-0.000201
1538052060.578358,5.658601,-0.000201
1538052060.578358,5.658601,-0.000201
1538052060.578358,5.658601,-0.000201
1538052060.578358,5.658601,-0.000201
1538052060.578358,5.658601,-0.000201
1538052060.578358,5.658601,-0.000201
1538052062.041256,5.658601,-0.000201
1538052062.041256,5.658601,-0.000201
1538052062.041256,5.658601,-0.000201
1538052062.041256,5.658601,-0.000201
1538052062.041256,5.658601,-0.000201
1538052062.041256,5.658601,-0.000201
1538052062.509677,5.658601,-0.000201
1538052062.509677,5.658601,-0.000201
1538052062.509677,5.658601,-0.000201
1538052062.509677,5.658601,-0.000201
1538052062.509677,5.658601,-0.000201
1538052062.509677,5.658601,-0.000201
1538052062.509677,5.658601,-0.000201
1538052062.509677,5.658601,-0.000201
1538052062.509677,5.658601,-0.000201
1538052062.509677,5.658601,-0.000201
1538052063.896458,5.658619,-0.000183
1538052063.896458,5.658619,-0.000183
1538052063.896458,5.658619,-0.000183
1538052063.896458,5.658619,-0.000183
1538052063.896458,5.658619,-0.000183
1538052064.365444,5.658619,-0.000183
1538052064.365444,5.658619,-0.000183
1538052064.365444,5.658619,-0.000183
1538052064.365444,5.658619,-0.000183
1538052064.365444,5.658619,-0.000183
1538052064.365444,5.658619,-0.000183
1538052064.365444,5.658619,-0.000183
1538052064.365444,5.658619,-0.000183
1538052064.365444,5.658619,-0.000183
1538052064.365444,5.658619,-0.000183
1538052064.365444,5.658619,-0.000183
1538052065.801029,5.658619,-0.000183
1538052065.801029,5.658619,-0.000183
1538052066.243045,5.658619,-0.000183
1538052066.243045,5.658619,-0.000183
1538052066.243045,5.658619,-0.000183
1538052066.243045,5.658619,-0.000183
1538052066.243045,5.658619,-0.000183
1538052066.243045,5.658619,-0.000183
1538052066.243045,5.658619,-0.000183
1538052066.243045,5.658619,-0.000183
1538052066.243045,5.658619,-0.000183
1538052066.243045,5.658619,-0.000183
1538052066.243045,5.658619,-0.000183
1538052066.243045,5.658619,-0.000183
1538052066.243045,5.658619,-0.000183
1538052067.673850,5.658643,-0.000160
1538052067.673850,5.658643,-0.000160
1538052130.062950,5.658451,-0.000352
1538052130.062950,5.658451,-0.000352
1538052130.062950,5.658451,-0.000352
1538052130.062950,5.658451,-0.000352
1538052130.062950,5.658451,-0.000352
1538052130.062950,5.658451,-0.000352
1538052130.062950,5.658451,-0.000352
1538052130.062950,5.658451,-0.000352
1538052130.062950,5.658451,-0.000352
1538052130.062950,5.658451,-0.000352
1538052130.062950,5.658451,-0.000352
1538052130.062950,5.658451,-0.000352
1538052130.062950,5.658451,-0.000352
1538052130.062950,5.658451,-0.000352
1538052130.062950,5.658451,-0.000352
1538052132.219711,5.658449,-0.000353
1538052132.219711,5.658449,-0.000353
1538052132.219711,5.658449,-0.000353
1538052132.659051,5.658449,-0.000353
1538052132.659051,5.658449,-0.000353
1538052132.659051,5.658449,-0.000353
1538052132.659051,5.658449,-0.000353
1538052132.659051,5.658449,-0.000353
1538052132.659051,5.658449,-0.000353
1538052132.659051,5.658449,-0.000353
1538052132.659051,5.658449,-0.000353
1538052132.659051,5.658449,-0.000353
1538052132.659051,5.658449,-0.000353
1538052132.659051,5.658449,-0.000353
1538052132.659051,5.658449,-0.000353
1538052132.659051,5.658449,-0.000353
1538052134.093858,5.658408,-0.000395
1538052134.093858,5.658408,-0.000395
1538052134.093858,5.658408,-0.000395
1538052134.093858,5.658408,-0.000395
1538052134.093858,5.658408,-0.000395
1538052134.559893,5.658452,-0.000351
1538052134.559893,5.658452,-0.000351
1538052134.559893,5.658452,-0.000351
1538052134.559893,5.658452,-0.000351
1538052134.559893,5.658452,-0.000351
1538052134.559893,5.658452,-0.000351
1538052134.559893,5.658452,-0.000351
1538052134.559893,5.658452,-0.000351
1538052134.559893,5.658452,-0.000351
1538052134.559893,5.658452,-0.000351
1538052134.559893,5.658452,-0.000351
1538052134.559893,5.658452,-0.000351
1538052135.948911,5.658471,-0.000332
1538052135.948911,5.658471,-0.000332
1538052135.948911,5.658471,-0.000332
1538052135.948911,5.658471,-0.000332
1538052135.948911,5.658471,-0.000332
1538052136.603741,5.658471,-0.000332
1538052136.603741,5.658471,-0.000332
1538052136.603741,5.658471,-0.000332
1538052136.603741,5.658471,-0.000332
1538052136.603741,5.658471,-0.000332
1538052136.603741,5.658471,-0.000332
1538052136.603741,5.658471,-0.000332
1538052136.603741,5.658471,-0.000332
1538052136.603741,5.658471,-0.000332
1538052136.603741,5.658471,-0.000332
1538052136.603741,5.658471,-0.000332
1538052136.603741,5.658471,-0.000332
1538052136.603741,5.658471,-0.000332
1538052136.603741,5.658471,-0.000332
1538052136.603741,5.658471,-0.000332
1538052138.026033,5.658465,-0.000338
1538052138.026033,5.658465,-0.000338
1538052138.026033,5.658465,-0.000338
1538052138.026033,5.658465,-0.000338
1538052138.026033,5.658465,-0.000338
1538052138.462068,5.658465,-0.000338
1538052138.462068,5.658465,-0.000338
1538052138.462068,5.658465,-0.000338
1538052138.462068,5.658465,-0.000338
1538052138.462068,5.658465,-0.000338
1538052138.462068,5.658465,-0.000338
1538052138.462068,5.658465,-0.000338
1538052138.462068,5.658465,-0.000338
1538052138.462068,5.658465,-0.000338
1538052138.462068,5.658465,-0.000338
1538052138.462068,5.658465,-0.000338
1538052138.462068,5.658465,-0.000338
1538052138.462068,5.658465,-0.000338
1538052138.462068,5.658465,-0.000338
1538052138.462068,5.658465,-0.000338
1538052139.952157,5.658465,-0.000338
1538052139.952157,5.658465,-0.000338
1538052139.952157,5.658465,-0.000338
1538052139.952157,5.658465,-0.000338
1538052139.952157,5.658465,-0.000338
1538052140.532400,5.658465,-0.000338
1538052140.532400,5.658465,-0.000338
1538052140.532400,5.658465,-0.000338
1538052140.532400,5.658465,-0.000338
1538052140.532400,5.658465,-0.000338
1538052140.532400,5.658465,-0.000338
1538052140.532400,5.658465,-0.000338
1538052140.532400,5.658465,-0.000338
1538052140.532400,5.658465,-0.000338
1538052140.532400,5.658465,-0.000338
1538052140.532400,5.658465,-0.000338
1538052140.532400,5.658465,-0.000338
1538052140.532400,5.658465,-0.000338
1538052140.532400,5.658465,-0.000338
1538052140.532400,5.658465,-0.000338
1538052140.532400,5.658465,-0.000338
1538052140.532400,5.658465,-0.000338
1538052140.532400,5.658465,-0.000338
1538052140.532400,5.658465,-0.000338
1538052140.532400,5.658465,-0.000338
1538052142.735243,5.658465,-0.000338
1538052142.735243,5.658465,-0.000338
1538052142.735243,5.658465,-0.000338
1538052142.735243,5.658465,-0.000338
1538052143.155255,5.658409,-0.000394
1538052143.155255,5.658409,-0.000394
1538052143.155255,5.658409,-0.000394
1538052143.155255,5.658409,-0.000394
1538052143.155255,5.658409,-0.000394
1538052143.155255,5.658409,-0.000394
1538052143.155255,5.658409,-0.000394
1538052143.155255,5.658409,-0.000394
1538052143.155255,5.658409,-0.000394
1538052143.155255,5.658409,-0.000394
1538052143.155255,5.658409,-0.000394
1538052143.155255,5.658409,-0.000394
1538052143.155255,5.658409,-0.000394
1538052144.551062,5.658409,-0.000394
1538052144.551062,5.658409,-0.000394
1538052144.551062,5.658409,-0.000394
1538052144.551062,5.658409,-0.000394
1538052144.948082,5.658409,-0.000394
1538052144.948082,5.658409,-0.000394
1538052144.948082,5.658409,-0.000394
1538052144.948082,5.658409,-0.000394
1538052144.948082,5.658409,-0.000394
1538052144.948082,5.658409,-0.000394
1538052144.948082,5.658409,-0.000394
1538052144.948082,5.658409,-0.000394
1538052144.948082,5.658409,-0.000394
1538052144.948082,5.658409,-0.000394
1538052144.948082,5.658409,-0.000394
1538052144.948082,5.658409,-0.000394
1538052144.948082,5.658409,-0.000394
1538052144.948082,5.658409,-0.000394
1538052146.379231,5.658452,-0.000351
1538052146.379231,5.658452,-0.000351
1538052146.379231,5.658452,-0.000351
1538052146.379231,5.658452,-0.000351
1538052146.379231,5.658452,-0.000351
1538052146.858002,5.658452,-0.000351
1538052146.858002,5.658452,-0.000351
1538052146.858002,5.658452,-0.000351
1538052146.858002,5.658452,-0.000351
1538052146.858002,5.658452,-0.000351
1538052146.858002,5.658452,-0.000351
1538052146.858002,5.658452,-0.000351
1538052146.858002,5.658452,-0.000351
1538052146.858002,5.658452,-0.000351
1538052146.858002,5.658452,-0.000351
1538052146.858002,5.658452,-0.000351
1538052146.858002,5.658452,-0.000351
1538052146.858002,5.658452,-0.000351
1538052146.858002,5.658452,-0.000351
1538052146.858002,5.658452,-0.000351
1538052148.227932,5.658388,-0.000415
1538052148.227932,5.658388,-0.000415
1538052148.227932,5.658388,-0.000415
1538052148.227932,5.658388,-0.000415
1538052148.590730,5.658388,-0.000415
1538052148.590730,5.658388,-0.000415
1538052148.590730,5.658388,-0.000415
1538052148.590730,5.658388,-0.000415
1538052148.590730,5.658388,-0.000415
1538052148.590730,5.658388,-0.000415
1538052148.590730,5.658388,-0.000415
1538052148.590730,5.658388,-0.000415
1538052148.590730,5.658388,-0.000415
1538052148.590730,5.658388,-0.000415
1538052148.590730,5.658388,-0.000415
1538052148.590730,5.658388,-0.000415
1538052148.590730,5.658388,-0.000415
1538052148.590730,5.658388,-0.000415
1538052148.590730,5.658388,-0.000415
1538052148.590730,5.658388,-0.000415
1538052150.002330,5.658404,-0.000399
1538052150.002330,5.658404,-0.000399
1538052150.002330,5.658404,-0.000399
1538052150.395319,5.658444,-0.000358
1538052150.395319,5.658444,-0.000358
1538052150.395319,5.658444,-0.000358
1538052150.395319,5.658444,-0.000358
1538052150.395319,5.658444,-0.000358
1538052150.395319,5.658444,-0.000358
1538052150.395319,5.658444,-0.000358
1538052150.395319,5.658444,-0.000358
1538052150.395319,5.658444,-0.000358
1538052150.395319,5.658444,-0.000358
1538052150.395319,5.658444,-0.000358
1538052150.395319,5.658444,-0.000358
1538052151.847548,5.658456,-0.000347
1538052151.847548,5.658456,-0.000347
1538052151.847548,5.658456,-0.000347
1538052151.847548,5.658456,-0.000347
1538052151.847548,5.658456,-0.000347
1538052152.280947,5.658461,-0.000342
1538052152.280947,5.658461,-0.000342
1538052152.280947,5.658461,-0.000342
1538052152.280947,5.658461,-0.000342
1538052152.280947,5.658461,-0.000342
1538052152.280947,5.658461,-0.000342
1538052152.280947,5.658461,-0.000342
1538052152.280947,5.658461,-0.000342
1538052152.280947,5.658461,-0.000342
1538052152.280947,5.658461,-0.000342
1538052153.648201,5.658483,-0.000320
1538052153.648201,5.658483,-0.000320
1538052153.648201,5.658483,-0.000320
1538052153.648201,5.658483,-0.000320
1538052156.976053,5.658516,-0.000287
1538052156.976053,5.658516,-0.000287
1538052156.976053,5.658516,-0.000287
1538052156.976053,5.658516,-0.000287
1538052156.976053,5.658516,-0.000287
1538052156.976053,5.658516,-0.000287
1538052156.976053,5.658516,-0.000287
1538052156.976053,5.658516,-0.000287
1538052159.734319,5.658525,-0.000278
1538052159.734319,5.658525,-0.000278
1538052159.734319,5.658525,-0.000278
1538052159.734319,5.658525,-0.000278
1538052159.734319,5.658525,-0.000278
1538052159.734319,5.658525,-0.000278
1538052159.734319,5.658525,-0.000278
1538052159.734319,5.658525,-0.000278
1538052159.734319,5.658525,-0.000278
1538052159.734319,5.658525,-0.000278
1538052159.734319,5.658525,-0.000278
1538052159.734319,5.658525,-0.000278
1538052159.734319,5.658525,-0.000278
1538052159.734319,5.658525,-0.000278
1538052159.734319,5.658525,-0.000278
1538052159.734319,5.658525,-0.000278
1538052159.734319,5.658525,-0.000278
1538052159.734319,5.658525,-0.000278
1538052162.047975,5.658525,-0.000278
1538052162.047975,5.658525,-0.000278
1538052162.047975,5.658525,-0.000278
1538052162.047975,5.658525,-0.000278
1538052162.047975,5.658525,-0.000278
1538052162.047975,5.658525,-0.000278
1538052162.047975,5.658525,-0.000278
1538052162.047975,5.658525,-0.000278
1538052162.047975,5.658525,-0.000278
1538052162.047975,5.658525,-0.000278
1538052162.047975,5.658525,-0.000278
1538052162.047975,5.658525,-0.000278
1538052162.047975,5.658525,-0.000278
1538052162.047975,5.658525,-0.000278
1538052163.452981,5.658525,-0.000278
1538052163.452981,5.658525,-0.000278
1538052163.452981,5.658525,-0.000278
1538052163.452981,5.658525,-0.000278
1538052163.841537,5.658525,-0.000278
1538052163.841537,5.658525,-0.000278
1538052163.841537,5.658525,-0.000278
1538052163.841537,5.658525,-0.000278
1538052163.841537,5.658525,-0.000278
1538052163.841537,5.658525,-0.000278
1538052163.841537,5.658525,-0.000278
1538052167.624163,5.658476,-0.000327
1538052167.624163,5.658476,-0.000327
1538052167.624163,5.658476,-0.000327
1538052167.624163,5.658476,-0.000327
1538052167.624163,5.658476,-0.000327
1538052167.624163,5.658476,-0.000327
1538052167.624163,5.658476,-0.000327
1538052167.624163,5.658476,-0.000327
1538052167.624163,5.658476,-0.000327
1538052167.624163,5.658476,-0.000327
1538052167.624163,5.658476,-0.000327
1538052167.624163,5.658476,-0.000327
1538052167.624163,5.658476,-0.000327
1538052167.624163,5.658476,-0.000327
1538052167.624163,5.658476,-0.000327
1538052169.056930,5.658466,-0.000336
1538052169.056930,5.658466,-0.000336
1538052169.056930,5.658466,-0.000336
1538052169.056930,5.658466,-0.000336
1538052169.467283,5.658466,-0.000336
1538052169.467283,5.658466,-0.000336
1538052169.467283,5.658466,-0.000336
1538052169.467283,5.658466,-0.000336
1538052169.467283,5.658466,-0.000336
1538052169.467283,5.658466,-0.000336
1538052229.440984,5.658593,-0.000210
1538052229.440984,5.658593,-0.000210
1538052229.440984,5.658593,-0.000210
1538052229.440984,5.658593,-0.000210
1538052229.440984,5.658593,-0.000210
1538052229.440984,5.658593,-0.000210
1538052230.928637,5.658593,-0.000210
1538052230.928637,5.658593,-0.000210
1538052230.928637,5.658593,-0.000210
1538052230.928637,5.658593,-0.000210
1538052230.928637,5.658593,-0.000210
1538052232.767233,5.658603,-0.000199
1538052232.767233,5.658603,-0.000199
1538052232.767233,5.658603,-0.000199
1538052232.767233,5.658603,-0.000199
1538052232.767233,5.658603,-0.000199
1538052235.293987,5.658603,-0.000199
1538052235.293987,5.658603,-0.000199
1538052235.293987,5.658603,-0.000199
1538052235.293987,5.658603,-0.000199
1538052235.718246,5.658603,-0.000199
1538052235.718246,5.658603,-0.000199
1538052235.718246,5.658603,-0.000199
1538052235.718246,5.658603,-0.000199
1538052235.718246,5.658603,-0.000199
1538052235.718246,5.658603,-0.000199
1538052235.718246,5.658603,-0.000199
1538052235.718246,5.658603,-0.000199
1538052235.718246,5.658603,-0.000199
1538052235.718246,5.658603,-0.000199
1538052235.718246,5.658603,-0.000199
1538052235.718246,5.658603,-0.000199
1538052235.718246,5.658603,-0.000199
1538052235.718246,5.658603,-0.000199
1538052235.718246,5.658603,-0.000199
1538052235.718246,5.658603,-0.000199
1538052237.185051,5.658603,-0.000199
1538052237.185051,5.658603,-0.000199
1538052237.185051,5.658603,-0.000199
1538052237.185051,5.658603,-0.000199
1538052237.622032,5.658603,-0.000199
1538052237.622032,5.658603,-0.000199
1538052237.622032,5.658603,-0.000199
1538052237.622032,5.658603,-0.000199
1538052237.622032,5.658603,-0.000199
1538052237.622032,5.658603,-0.000199
1538052237.622032,5.658603,-0.000199
1538052237.622032,5.658603,-0.000199
1538052237.622032,5.658603,-0.000199
1538052237.622032,5.658603,-0.000199
1538052237.622032,5.658603,-0.000199
1538052237.622032,5.658603,-0.000199
1538052237.622032,5.658603,-0.000199
1538052239.455635,5.658576,-0.000227
1538052239.455635,5.658576,-0.000227
1538052239.455635,5.658576,-0.000227
1538052239.455635,5.658576,-0.000227
1538052239.455635,5.658576,-0.000227
1538052239.455635,5.658576,-0.000227
1538052239.455635,5.658576,-0.000227
1538052239.455635,5.658576,-0.000227
1538052239.455635,5.658576,-0.000227
1538052239.455635,5.658576,-0.000227
1538052239.455635,5.658576,-0.000227
1538052239.455635,5.658576,-0.000227
1538052239.455635,5.658576,-0.000227
1538052239.455635,5.658576,-0.000227
1538052239.455635,5.658576,-0.000227
1538052239.455635,5.658576,-0.000227
1538052239.455635,5.658576,-0.000227
1538052239.455635,5.658576,-0.000227
1538052239.455635,5.658576,-0.000227
1538052300.899188,5.658466,-0.000336
1538052300.899188,5.658466,-0.000336
1538052300.899188,5.658466,-0.000336
1538052300.899188,5.658466,-0.000336
1538052300.899188,5.658466,-0.000336
1538052300.899188,5.658466,-0.000336
1538052300.899188,5.658466,-0.000336
1538052300.899188,5.658466,-0.000336
1538052361.444037,5.657962,-0.001015
1538052361.444037,5.657962,-0.001015
1538052361.444037,5.657962,-0.001015
1538052363.715539,5.657962,-0.001015
1538052363.715539,5.657962,-0.001015
1538052363.715539,5.657962,-0.001015
1538052363.715539,5.657962,-0.001015
1538052364.522256,5.657854,-0.001122
1538052364.522256,5.657854,-0.001122
1538052364.522256,5.657854,-0.001122
1538052364.522256,5.657854,-0.001122
1538052364.522256,5.657854,-0.001122
1538052364.522256,5.657854,-0.001122
1538052364.522256,5.657854,-0.001122
1538052364.522256,5.657854,-0.001122
1538052364.522256,5.657854,-0.001122
1538052364.522256,5.657854,-0.001122
1538052364.522256,5.657854,-0.001122
1538052364.522256,5.657854,-0.001122
1538052366.278823,5.657854,-0.001122
1538052366.278823,5.657854,-0.001122
1538052366.278823,5.657854,-0.001122
1538052369.888119,5.657838,-0.001139
1538052369.888119,5.657838,-0.001139
1538052369.888119,5.657838,-0.001139
1538052369.888119,5.657838,-0.001139
1538052369.888119,5.657838,-0.001139
1538052369.888119,5.657838,-0.001139
1538052369.888119,5.657838,-0.001139
1538052369.888119,5.657838,-0.001139
1538052369.888119,5.657838,-0.001139
1538052369.888119,5.657838,-0.001139
1538052369.888119,5.657838,-0.001139
1538052369.888119,5.657838,-0.001139
1538052369.888119,5.657838,-0.001139
1538052371.311721,5.657838,-0.001139
1538052371.311721,5.657838,-0.001139
1538052371.311721,5.657838,-0.001139
1538052371.719355,5.657838,-0.001139
1538052371.719355,5.657838,-0.001139
1538052371.719355,5.657838,-0.001139
1538052371.719355,5.657838,-0.001139
1538052371.719355,5.657838,-0.001139
1538052371.719355,5.657838,-0.001139
1538052371.719355,5.657838,-0.001139
1538052586.479879,5.656602,-0.002799
1538052586.479879,5.656602,-0.002799
1538052586.479879,5.656602,-0.002799
1538052586.479879,5.656602,-0.002799
1538052586.479879,5.656602,-0.002799
1538052586.479879,5.656602,-0.002799
1538052586.479879,5.656602,-0.002799
1538052586.479879,5.656602,-0.002799
1538052586.479879,5.656602,-0.002799
1538052586.479879,5.656602,-0.002799
1538052586.479879,5.656602,-0.002799
1538052586.479879,5.656602,-0.002799
1538052586.479879,5.656602,-0.002799
1538052586.479879,5.656602,-0.002799
1538052586.479879,5.656602,-0.002799
1538052586.479879,5.656602,-0.002799
1538052588.403311,5.656602,-0.002799
1538052588.403311,5.656602,-0.002799
1538052588.403311,5.656602,-0.002799
1538052588.403311,5.656602,-0.002799
1538052590.122767,5.656602,-0.002799
1538052590.122767,5.656602,-0.002799
1538052590.122767,5.656602,-0.002799
1538052590.122767,5.656602,-0.002799
1538052590.122767,5.656602,-0.002799
1538052712.981430,5.656602,-0.002799
1538052712.981430,5.656602,-0.002799
1538052712.981430,5.656602,-0.002799
1538052712.981430,5.656602,-0.002799
1538052713.361447,5.656602,-0.002799
1538052713.361447,5.656602,-0.002799
1538052713.361447,5.656602,-0.002799
1538052713.361447,5.656602,-0.002799
1538052713.361447,5.656602,-0.002799
1538052713.361447,5.656602,-0.002799
1538052713.361447,5.656602,-0.002799
1538052713.361447,5.656602,-0.002799
1538052713.361447,5.656602,-0.002799
1538052713.361447,5.656602,-0.002799
1538052713.361447,5.656602,-0.002799
1538052713.361447,5.656602,-0.002799
1538052713.361447,5.656602,-0.002799
1538052713.361447,5.656602,-0.002799
1538052713.361447,5.656602,-0.002799
1538052713.361447,5.656602,-0.002799
1538052715.959753,5.656602,-0.002799
1538052715.959753,5.656602,-0.002799
1538052715.959753,5.656602,-0.002799
1538052717.752683,5.656602,-0.002799
1538052717.752683,5.656602,-0.002799
1538052717.752683,5.656602,-0.002799
1538052717.752683,5.656602,-0.002799
1538052717.752683,5.656602,-0.002799
1538052718.214718,5.656602,-0.002799
1538052718.214718,5.656602,-0.002799
1538052718.214718,5.656602,-0.002799
1538052718.214718,5.656602,-0.002799
1538052718.214718,5.656602,-0.002799
1538052718.214718,5.656602,-0.002799
1538052718.214718,5.656602,-0.002799
1538052718.214718,5.656602,-0.002799
1538052718.214718,5.656602,-0.002799
1538052718.214718,5.656602,-0.002799
1538052718.214718,5.656602,-0.002799
1538052719.656457,5.656602,-0.002799
1538052719.656457,5.656602,-0.002799
1538052719.656457,5.656602,-0.002799
1538052719.656457,5.656602,-0.002799
1538052719.656457,5.656602,-0.002799
1538052720.091613,5.656602,-0.002799
1538052720.091613,5.656602,-0.002799
1538052720.091613,5.656602,-0.002799
1538052720.091613,5.656602,-0.002799
1538052720.091613,5.656602,-0.002799
1538052720.091613,5.656602,-0.002799
1538052720.091613,5.656602,-0.002799
1538052723.985172,5.656602,-0.002799
1538052723.985172,5.656602,-0.002799
1538052723.985172,5.656602,-0.002799
1538052723.985172,5.656602,-0.002799
1538052723.985172,5.656602,-0.002799
1538052723.985172,5.656602,-0.002799
1538052723.985172,5.656602,-0.002799
1538052723.985172,5.656602,-0.002799
1538052723.985172,5.656602,-0.002799
1538052735.431522,5.656602,-0.002799
1538052735.431522,5.656602,-0.002799
1538052735.431522,5.656602,-0.002799
1538052735.431522,5.656602,-0.002799
1538052735.825307,5.656602,-0.002799
1538052735.825307,5.656602,-0.002799
1538052794.341648,5.656602,-0.002799
1538052794.341648,5.656602,-0.002799
1538052794.341648,5.656602,-0.002799
1538052962.783660,5.656602,-0.002799
1538052962.783660,5.656602,-0.002799
1538052962.783660,5.656602,-0.002799
1538052962.783660,5.656602,-0.002799
1538053024.298749,5.656602,-0.002799
1538053024.298749,5.656602,-0.002799
1538053024.298749,5.656602,-0.002799
1538053024.298749,5.656602,-0.002799
1538053024.298749,5.656602,-0.002799
1538053024.298749,5.656602,-0.002799
1538053024.298749,5.656602,-0.002799
1538053024.298749,5.656602,-0.002799
1538053024.298749,5.656602,-0.002799
1538053024.298749,5.656602,-0.002799
1538053024.298749,5.656602,-0.002799
1538053086.045512,5.656602,-0.002799
1538053086.045512,5.656602,-0.002799
1538053086.045512,5.656602,-0.002799
1538053086.045512,5.656602,-0.002799
1538053086.045512,5.656602,-0.002799
1538053086.045512,5.656602,-0.002799
1538053086.045512,5.656602,-0.002799
1538053086.045512,5.656602,-0.002799
1538053086.045512,5.656602,-0.002799
1538053087.472073,5.656602,-0.002799
1538053087.472073,5.656602,-0.002799
1538053158.288737,5.656602,-0.002799
1538053158.288737,5.656602,-0.002799
1538053158.288737,5.656602,-0.002799
1538053192.700012,5.656602,-0.002799
1538053192.700012,5.656602,-0.002799
1538053192.700012,5.656602,-0.002799
1538053192.700012,5.656602,-0.002799
1538053192.700012,5.656602,-0.002799
1538053192.700012,5.656602,-0.002799
1538053192.700012,5.656602,-0.002799
1538053192.700012,5.656602,-0.002799
1538053192.700012,5.656602,-0.002799
1538053192.700012,5.656602,-0.002799
1538053192.700012,5.656602,-0.002799
1538053192.700012,5.656602,-0.002799
1538053192.700012,5.656602,-0.002799
1538053254.219463,5.656602,-0.002799
1538053254.219463,5.656602,-0.002799
1538053254.219463,5.656602,-0.002799
1538053254.219463,5.656602,-0.002799
1538053254.219463,5.656602,-0.002799
1538053254.219463,5.656602,-0.002799
1538053254.219463,5.656602,-0.002799
1538053254.219463,5.656602,-0.002799
1538053254.219463,5.656602,-0.002799
1538053254.219463,5.656602,-0.002799
1538053254.219463,5.656602,-0.002799
1538053254.219463,5.656602,-0.002799
1538053254.219463,5.656602,-0.002799
1538053254.219463,5.656602,-0.002799
1538053257.282016,5.656602,-0.002799
1538053257.282016,5.656602,-0.002799
1538053257.282016,5.656602,-0.002799
1538053257.282016,5.656602,-0.002799
1538053259.010143,5.656602,-0.002799
1538053259.010143,5.656602,-0.002799
