1538057902.594240,5.660523,-0.000861
1538057902.594240,5.660523,-0.000861
1538057902.594240,5.660523,-0.000861
1538057902.594240,5.660523,-0.000861
1538057903.168821,5.660523,-0.000861
1538057903.168821,5.660523,-0.000861
1538057903.168821,5.660523,-0.000861
1538057903.168821,5.660523,-0.000861
1538057903.168821,5.660523,-0.000861
1538057903.168821,5.660523,-0.000861
1538057903.168821,5.660523,-0.000861
1538057903.168821,5.660523,-0.000861
1538057903.168821,5.660523,-0.000861
1538057903.168821,5.660523,-0.000861
1538057903.168821,5.660523,-0.000861
1538057903.168821,5.660523,-0.000861
1538057903.168821,5.660523,-0.000861
1538057903.168821,5.660523,-0.000861
1538057904.654948,5.660523,-0.000861
1538057904.654948,5.660523,-0.000861
1538057905.141906,5.660523,-0.000861
1538057905.141906,5.660523,-0.000861
1538057905.141906,5.660523,-0.000861
1538057905.141906,5.660523,-0.000861
1538057905.141906,5.660523,-0.000861
1538057905.141906,5.660523,-0.000861
1538057905.141906,5.660523,-0.000861
1538057905.141906,5.660523,-0.000861
1538057906.586235,5.660523,-0.000861
1538057906.586235,5.660523,-0.000861
1538057906.586235,5.660523,-0.000861
1538057906.586235,5.660523,-0.000861
1538057907.074070,5.660523,-0.000861
1538057907.074070,5.660523,-0.000861
1538057907.074070,5.660523,-0.000861
1538057907.074070,5.660523,-0.000861
1538057907.074070,5.660523,-0.000861
1538057907.074070,5.660523,-0.000861
1538057907.074070,5.660523,-0.000861
1538057907.074070,5.660523,-0.000861
1538057907.074070,5.660523,-0.000861
1538057907.074070,5.660523,-0.000861
1538057907.074070,5.660523,-0.000861
1538057907.074070,5.660523,-0.000861
1538057907.074070,5.660523,-0.000861
1538057908.515066,5.660523,-0.000861
1538057908.515066,5.660523,-0.000861
1538057908.515066,5.660523,-0.000861
1538057908.515066,5.660523,-0.000861
1538057909.026062,5.660523,-0.000861
1538057909.026062,5.660523,-0.000861
1538057909.026062,5.660523,-0.000861
1538057909.026062,5.660523,-0.000861
1538057909.026062,5.660523,-0.000861
1538057909.026062,5.660523,-0.000861
1538057909.026062,5.660523,-0.000861
1538057909.026062,5.660523,-0.000861
1538057909.026062,5.660523,-0.000861
1538057909.026062,5.660523,-0.000861
1538057909.026062,5.660523,-0.000861
1538057909.026062,5.660523,-0.000861
1538057909.026062,5.660523,-0.000861
1538057910.625882,5.660523,-0.000861
1538057910.625882,5.660523,-0.000861
1538057910.625882,5.660523,-0.000861
1538057911.136737,5.660523,-0.000861
1538057911.136737,5.660523,-0.000861
1538057911.136737,5.660523,-0.000861
1538057911.136737,5.660523,-0.000861
1538057911.136737,5.660523,-0.000861
1538057911.136737,5.660523,-0.000861
1538058031.982129,5.660523,-0.000861
1538058031.982129,5.660523,-0.000861
1538058031.982129,5.660523,-0.000861
1538058031.982129,5.660523,-0.000861
1538058031.982129,5.660523,-0.000861
1538058031.982129,5.660523,-0.000861
1538058031.982129,5.660523,-0.000861
1538058033.491041,5.660523,-0.000861
1538058033.491041,5.660523,-0.000861
1538058033.940123,5.660523,-0.000861
1538058033.940123,5.660523,-0.000861
1538058033.940123,5.660523,-0.000861
1538058033.940123,5.660523,-0.000861
1538058033.940123,5.660523,-0.000861
1538058033.940123,5.660523,-0.000861
1538058033.940123,5.660523,-0.000861
1538058033.940123,5.660523,-0.000861
1538058033.940123,5.660523,-0.000861
1538058033.940123,5.660523,-0.000861
1538058033.940123,5.660523,-0.000861
1538058033.940123,5.660523,-0.000861
